t,value
1717296900,0
1717296930,0
1717296960,0
1717296990,0
1717297020,0
1717297050,0
1717297080,0
1717297110,0
1717297140,0
1717297170,0
1717297200,0
1717297230,0
1717299240,0
1717299270,0
1717299300,0
1717299330,0
1717299360,0
1717299390,0
1717299420,0
1717299450,0
1717299480,0
1717299510,0
1717299540,0
1717299570,0
1717299600,0
1717299630,0
1717299660,0
1717299690,0
1717299720,0
1717299750,0
1717299780,0
1717299810,0
1717299840,0
1717299870,0
1717299900,0
1717299930,0
1717299960,0
1717299990,0
1717300020,0
1717300050,0
1717300080,0
1717300110,0
1717300140,0
1717300170,0
1717300200,0
1717300230,0
1717300260,0
1717300290,0
1717300320,0
1717300350,0
1717300380,0
1717300410,0
1717300440,0
1717300470,0
1717300500,0
1717300530,0
1717300560,0
1717300590,0
1717300620,0
1717300650,0
1717300680,0
1717300710,0
1717300741,0
1717300771,0
1717300801,0
1717300831,0
1717300861,0
1717300891,0
1717300921,0
1717300951,0
1717300981,0
1717301011,0
1717301041,0
1717301071,0
1717301101,0
1717301131,0
1717301161,0
1717301191,0
1717301221,0
1717301251,0
1717301281,0
1717301311,0
1717301341,0
1717301371,0
1717301401,0
1717301431,0
1717301461,0
1717301491,0
1717301521,0
1717301551,0
1717301581,0
1717301611,0
1717301641,0
1717301671,0
1717301701,0
1717301731,0
1717301761,0
1717301791,0
1717301821,0
1717301851,0
1717301881,0
1717301911,0
1717301941,0
1717301971,0
1717302001,0
1717302031,0
1717302061,0
1717302091,0
1717302121,0
1717302151,0
1717302181,0
1717302211,0
1717302241,0
1717302271,0
1717302301,0
1717302331,0
1717302361,0
1717302391,0
1717302421,0
1717302451,0
1717302481,0
1717302511,0
1717302541,0
1717302571,0
1717302601,0
1717302631,0
1717302661,0
1717302691,0
1717302721,0
1717302751,0
1717302781,0
1717302811,0
1717302841,0
1717302871,0
1717302901,0
1717302931,0
1717302961,0
1717302991,0
1717303021,0
1717303051,0
1717303082,0
1717303112,0
1717303142,0
1717303172,0
1717303202,0
1717303232,0
1717303262,0
1717303292,0
1717303322,0
1717303352,0
1717303382,0
1717303412,0
1717303442,0
1717303472,0
1717303502,0
1717303532,0
1717303562,0
1717303592,0
1717303622,0
1717303652,0
1717303682,0
1717303712,0
1717303742,0
1717303772,0
1717303802,0
1717303832,0
1717303862,0
1717303892,0
1717303922,0
1717303952,0
1717303982,0
1717304012,0
1717304042,0
1717304072,0
1717304102,0
1717304132,0
1717304162,0
1717304192,0
1717304222,0
1717304252,0
1717304282,0
1717304312,0
1717304342,0
1717304372,0
1717304402,0
1717304432,0
1717304462,0
1717304492,0
1717304522,0
1717304552,0
1717304582,0
1717304612,0
1717304642,0
1717304672,0
1717304702,0
1717304732,0
1717304762,0
1717304792,0
1717304822,0
1717304852,0
1717304882,0
1717304912,0
1717304942,0
1717304972,0
1717305002,0
1717305032,0
1717305062,0
1717305092,0
1717305122,0
1717305152,0
1717305182,0
1717305212,0
1717305242,0
1717305272,0
1717305302,0
1717305332,0
1717305362,0
1717305392,0
1717305422,0
1717305452,0
1717305482,0
1717305512,0
1717305542,0
1717305572,0
1717305602,0
1717305632,0
1717305662,0
1717305692,0
1717305722,0
1717305752,0
1717305783,0
1717305813,0
1717305843,0
1717305873,0
1717305903,0
1717305933,0
1717305963,0
1717305993,0
1717306023,0
1717306053,0
1717306083,0
1717306113,0
1717306143,0
1717306173,0
1717306203,0
1717306233,0
1717306263,0
1717306293,0
1717306323,0
1717306353,0
1717306383,0
1717306413,0
1717306443,0
1717306473,0
1717306503,0
1717306533,0
1717306563,0
1717306593,0
1717306623,0
1717306653,0
1717306683,0
1717306713,0
1717306743,0
1717306773,0
1717306803,0
1717306833,0
1717306863,0
1717306893,0
1717306923,0
1717306953,0
1717306983,0
1717307013,0
1717307043,0
1717307073,0
1717307103,0
1717307133,0
1717307163,0
1717307193,0
1717307224,0
1717307254,0
1717307284,0
1717307314,0
1717307344,0
1717307374,0
1717307404,0
1717307434,0
1717307464,0
1717307494,0
1717307524,0
1717307554,0
1717307584,0
1717307614,0
1717307644,0
1717307674,0
1717307704,0
1717307734,0
1717307764,0
1717307794,0
1717307824,0
1717307854,0
1717307884,0
1717307914,0
1717307944,0
1717307974,0
1717308004,0
1717308034,0
1717308064,0
1717308094,0
1717308124,0
1717308154,0
1717308184,0
1717308214,0
1717308244,0
1717308274,0
1717308304,0
1717308334,0
1717308364,0
1717308394,0
1717308424,0
1717308454,0
1717308485,0
1717308515,0
1717308545,0
1717308575,0
1717308605,0
1717308635,0
1717308665,0
1717308695,0
1717308725,0
1717308755,0
1717308785,0
1717308815,0
1717308845,0
1717308875,0
1717308905,0
1717308935,0
1717308965,0
1717308995,0
1717309025,0
1717309055,0
1717309085,0
1717309115,0
1717309145,0
1717309175,0
1717309205,0
1717309235,0
1717309265,0
1717309295,0
1717309325,0
1717309355,0
1717309385,0
1717309415,0
1717309445,0
1717309475,0
1717309505,0
1717309535,0
1717309565,0
1717309595,0
1717309625,0
1717309655,0
1717309685,0
1717309715,0
1717309745,0
1717309775,0
1717309805,0
1717309835,0
1717309865,0
1717309895,0
1717309925,0
1717309955,0
1717309985,0
1717310015,0
1717310045,0
1717310075,0
1717310106,0
1717310136,0
1717310166,0
1717310196,0
1717310226,0
1717310256,0
1717310286,0
1717310316,0
1717310346,0
1717310376,0
1717310406,0
1717310436,0
1717310466,0
1717310496,0
1717310526,0
1717310556,0
1717310586,0
1717310616,0
1717310646,0
1717310676,0
1717310706,0
1717310736,0
1717310766,0
1717310796,0
1717310826,0
1717310856,0
1717310886,0
1717310916,0
1717310946,0
1717310976,0
1717311006,0
1717311036,0
1717311066,0
1717311096,0
1717311126,0
1717311156,0
1717311186,0
1717311216,0
1717311246,0
1717311276,0
1717311306,0
1717311336,0
1717311366,0
1717311396,0
1717311426,0
1717311456,0
1717311486,0
1717311516,0
1717311546,0
1717311576,0
1717311606,0
1717311636,0
1717311666,0
1717311696,0
1717311726,0
1717311756,0
1717311786,0
1717311816,0
1717311846,0
1717311876,0
1717311906,0
1717311936,0
1717311966,0
1717311996,0
1717312026,0
1717312056,0
1717312086,0
1717312116,0
1717312146,0
1717312176,0
1717312206,0
1717312236,0
1717312267,0
1717312297,0
1717312327,0
1717312357,0
1717312387,0
1717312417,0
1717312447,0
1717312477,0
1717312507,0
1717312537,0
1717312567,0
1717312597,0
1717312627,0
1717312657,0
1717312687,0
1717312717,0
1717312747,0
1717312777,0
1717312807,0
1717312837,0
1717312867,0
1717312897,0
1717312927,0
1717312957,0
1717312987,0
1717313017,0
1717313047,0
1717313077,0
1717313107,0
1717313137,0
1717313167,0
1717313197,0
1717313227,0
1717313257,0
1717313287,0
1717313317,0
1717313347,0
1717313377,0
1717313407,0
1717313437,0
1717313467,0
1717313497,0
1717313527,0
1717313557,0
1717313587,0
1717313617,0
1717313647,0
1717313677,0
1717313707,0
1717313737,0
1717313767,0
1717313797,0
1717313827,0
1717313857,0
1717313887,0
1717313917,0
1717313947,0
1717313977,0
1717314007,0
1717314037,0
1717314067,0
1717314097,0
1717314127,0
1717314157,0
1717314187,0
1717314217,0
1717314247,0
1717314277,0
1717314307,0
1717314337,0
1717314367,0
1717314397,0
1717314427,0
1717314457,0
1717314487,0
1717314517,0
1717314547,0
1717314577,0
1717314607,0
1717314637,0
1717314667,0
1717314697,0
1717314727,0
1717314757,0
1717314787,0
1717314817,0
1717314847,0
1717314877,0
1717314907,0
1717314937,0
1717314967,0
1717314997,0
1717315027,0
1717315057,0
1717315087,0
1717315117,0
1717315148,0
1717315178,0
1717315208,0
1717315238,0
1717315268,0
1717315298,0
1717315328,0
1717315358,0
1717315388,0
1717315418,0
1717315448,0
1717315478,0
1717315508,0
1717315538,0
1717315568,0
1717315598,0
1717315628,0
1717315658,0
1717315688,0
1717315718,0
1717315748,0
1717315778,0
1717315808,0
1717315838,0
1717315868,0
1717315898,0
1717315928,0
1717315958,0
1717315988,0
1717316018,0
1717316048,0
1717316078,0
1717316108,0
1717316138,0
1717316168,0
1717316198,0
1717316228,0
1717316258,0
1717316288,0
1717316318,0
1717316348,0
1717316378,0
1717316408,0
1717316438,0
1717316468,0
1717316498,0
1717316528,0
1717316558,0
1717316588,0
1717316618,0
1717316648,0
1717316678,0
1717316708,0
1717316738,0
1717316768,0
1717316798,0
1717316828,0
1717316858,0
1717316888,0
1717316918,0
1717316948,0
1717316978,0
1717317008,0
1717317038,0
1717317068,0
1717317098,0
1717317128,0
1717317158,0
1717317188,0
1717317218,0
1717317248,0
1717317278,0
1717317308,0
1717317338,0
1717317368,0
1717317398,0
1717317428,0
1717317458,0
1717317488,0
1717317518,0
1717317548,0
1717317578,0
1717317608,0
1717317638,0
1717317668,0
1717317698,0
1717317728,0
1717317758,0
1717325544,0
1717325574,0
1717325604,0
1717325634,0
1717325664,0
1717325694,0
1717325724,0
1717325754,0
1717325784,0
1717325814,0
1717325844,0
1717325874,0
1717325904,0
1717325934,0
1717325964,0
1717325994,0
1717326024,0
1717326054,0
1717326084,0
1717326114,0
1717326144,0
1717326174,0
1717326204,0
1717326234,0
1717326264,0
1717326294,0
1717326324,0
1717326354,0
1717326384,0
1717326414,0
1717326444,0
1717326474,0
1717326504,0
1717326534,0
1717326564,0
1717326594,0
1717326624,0
1717326654,0
1717326685,0
1717326715,0
1717326745,0
1717326775,0
1717326805,0
1717326835,0
1717326865,0
1717326895,0
1717326925,0
1717326955,0
1717326985,0
1717327015,0
1717327045,0
1717327075,0
1717327105,0
1717327135,0
1717327165,0
1717327195,0
1717327225,0
1717327255,0
1717327285,0
1717327315,0
1717327345,0
1717327375,0
1717327405,0
1717327435,0
1717327465,0
1717327495,0
1717327525,0
1717327555,0
1717327585,0
1717327615,0
1717327645,0
1717327675,0
1717327705,0
1717327735,0
1717327765,0
1717327795,0
1717327825,0
1717327855,0
1717327885,0
1717327915,0
1717327945,0
1717327975,0
1717328005,0
1717328035,0
1717328065,0
1717328095,0
1717328125,0
1717328155,0
1717328185,0
1717328216,0
1717328246,0
1717328276,0
1717328306,0
1717328336,0
1717328366,0
1717328396,0
1717328426,0
1717328456,0
1717328486,0
1717328516,0
1717328546,0
1717328576,0
1717328606,0
1717328636,0
1717328666,0
1717328696,0
1717328726,0
1717328756,0
1717328786,0
1717328816,0
1717328846,0
1717328876,0
1717328906,0
1717328936,0
1717328966,0
1717328996,0
1717329026,0
1717329056,0
1717329086,0
1717329116,0
1717329146,0
1717329176,0
1717329206,0
1717329236,0
1717329266,0
1717329296,0
1717329326,0
1717329356,0
1717329386,0
1717329416,0
1717329446,0
1717329476,0
1717329506,0
1717329536,0
1717329566,0
1717329596,0
1717329626,0
1717329656,0
1717329686,0
1717329716,0
1717329746,0
1717329776,0
1717329806,0
1717329837,0
1717329867,0
1717329897,0
1717329927,0
1717329957,0
1717329987,0
1717330017,0
1717330047,0
1717330077,0
1717330107,0
1717330137,0
1717330167,0
1717330197,0
1717330227,0
1717330257,0
1717330287,0
1717330317,0
1717330347,0
1717330377,0
1717330407,0
1717330437,0
1717330467,0
1717330497,0
1717330527,0
1717330557,0
1717330587,0
1717330617,0
1717330647,0
1717330677,0
1717330707,0
1717330737,0
1717330767,0
1717330797,0
1717330827,0
1717330857,0
1717330887,0
1717330917,0
1717330947,0
1717330977,0
1717331007,0
1717331037,0
1717331067,0
1717331097,0
1717331127,0
1717331157,0
1717331187,0
1717331217,0
1717331247,0
1717331277,0
1717331307,0
1717331337,0
1717331367,0
1717331397,0
1717331427,0
1717331457,0
1717331487,0
1717331517,0
1717331547,0
1717331577,0
1717331607,0
1717331637,0
1717331667,0
1717331697,0
1717331727,0
1717331757,0
1717331787,0
1717331817,0
1717331847,0
1717331877,0
1717331907,0
1717331937,0
1717331967,0
1717331997,0
1717332027,0
1717332057,0
1717332088,0
1717332118,0
1717332148,0
1717332178,0
1717332208,0
1717332238,0
1717332268,0
1717332298,0
1717332328,0
1717332358,0
1717332388,0
1717332418,0
1717332448,0
1717332478,0
1717332508,0
1717332538,0
1717332568,0
1717332598,0
1717332628,0
1717332658,0
1717332688,0
1717332718,0
1717332748,0
1717332778,0
1717332808,0
1717332838,0
1717332868,0
1717332898,0
1717332928,0
1717332958,0
1717332988,0
1717333018,0
1717333048,0
1717333078,0
1717333108,0
1717333138,0
1717333168,0
1717333198,0
1717333228,0
1717333258,0
1717333288,0
1717333318,0
1717333348,0
1717333378,0
1717333408,0
1717333438,0
1717333468,0
1717333498,0
1717333528,0
1717333558,0
1717333588,0
1717333618,0
1717333648,0
1717333678,0
1717333708,0
1717333738,0
1717333768,0
1717333798,0
1717333828,0
1717333858,0
1717333888,0
1717333918,0
1717333948,0
1717333978,0
1717334008,0
1717334038,0
1717334068,0
1717334098,0
1717334128,0
1717334158,0
1717334188,0
1717334218,0
1717334248,0
1717334278,0
1717334308,0
1717334338,0
1717334368,0
1717334398,0
1717334428,0
1717334458,0
1717334488,0
1717334518,0
1717334549,0
1717380210,0
1717380240,0
1717380270,0
1717380300,0
1717380330,0
1717380360,0
1717380390,0
1717380420,0
1717380450,0
1717380480,0
1717380510,0
1717380540,0
1717380570,0
1717380600,0
1717380630,0
1717380660,0
1717380690,0
1717380720,0
1717380750,0
1717380780,0
1717380810,0
1717380840,0
1717380870,0
1717380900,0
1717380930,0
1717380960,0
1717380990,0
1717381020,0
1717381050,0
1717381080,0
1717381110,0
1717381140,0
1717381170,0
1717381200,0
1717381230,0
1717381260,0
1717381290,0
1717381320,0
1717381350,0
1717381380,0
1717381410,0
1717381440,0
1717381470,0
1717381500,0
1717381530,0
1717381560,0
1717381590,0
1717381620,0
1717381650,0
1717381681,0
1717381711,0
1717381741,0
1717381771,0
1717381801,0
1717381831,0
1717381861,0
1717381891,0
1717381921,0
1717381951,0
1717381981,0
1717382011,0
1717382041,0
1717382071,0
1717382101,0
1717382131,0
1717382161,0
1717382191,0
1717382221,0
1717382251,0
1717382281,0
1717382311,0
1717382341,0
1717382371,0
1717382401,0
1717382431,0
1717382461,0
1717382491,0
1717382521,0
1717382551,0
1717382581,0
1717382611,0
1717382641,0
1717382671,0
1717382701,0
1717382731,0
1717382761,0
1717382791,0
1717382821,0
1717382851,0
1717382881,0
1717382911,0
1717382941,0
1717382971,0
1717383001,0
1717383031,0
1717383061,0
1717383091,0
1717383121,0
1717383151,0
1717383181,0
1717383211,0
1717383241,0
1717383271,0
1717383301,0
1717383331,0
1717383361,0
1717383391,0
1717383421,0
1717383451,0
1717383481,0
1717383511,0
1717383541,0
1717383571,0
1717383601,0
1717383631,0
1717383661,0
1717383691,0
1717383721,0
1717383751,0
1717383781,0
1717383811,0
1717383841,0
1717383871,0
1717383901,0
1717383931,0
1717383961,0
1717383991,0
1717384021,0
1717384051,0
1717384081,0
1717384111,0
1717384141,0
1717384171,0
1717384202,0
1717384232,0
1717384262,0
1717384292,0
1717384322,0
1717384352,0
1717384382,0
1717384412,0
1717384442,0
1717384472,0
1717384502,0
1717384532,0
1717384562,0
1717384592,0
1717384622,0
1717384652,0
1717384682,0
1717384712,0
1717384742,0
1717384772,0
1717384802,0
1717384832,0
1717384862,0
1717384892,0
1717384922,0
1717384952,0
1717384982,0
1717385012,0
1717385042,0
1717385072,0
1717385102,0
1717385132,0
1717385162,0
1717385192,0
1717385222,0
1717385252,0
1717385282,0
1717385312,0
1717385342,0
1717385372,0
1717385402,0
1717385432,0
1717385462,0
1717385492,0
1717385522,0
1717385552,0
1717385582,0
1717385612,0
1717385642,0
1717385672,0
1717385702,0
1717385732,0
1717385762,0
1717385792,0
1717385822,0
1717385852,0
1717385882,0
1717385912,0
1717385942,0
1717385972,0
1717386002,0
1717386032,0
1717386062,0
1717386092,0
1717386122,0
1717386152,0
1717386182,0
1717386212,0
1717386242,0
1717386272,0
1717386302,0
1717386332,0
1717386362,0
1717386392,0
1717386422,0
1717386452,0
1717386482,0
1717386512,0
1717386542,0
1717386572,0
1717386602,0
1717386632,0
1717386662,0
1717386692,0
1717386722,0
1717386752,0
1717386783,0
1717386813,0
1717386843,0
1717386873,0
1717386903,0
1717386933,0
1717386963,0
1717386993,0
1717387023,0
1717387053,0
1717387083,0
1717387113,0
1717387143,0
1717387173,0
1717387203,0
1717387233,0
1717387263,0
1717387293,0
1717387323,0
1717387353,0
1717387383,0
1717387413,0
1717387443,0
1717387473,0
1717387503,0
1717387533,0
1717387563,0
1717387593,0
1717387623,0
1717387653,0
1717387683,0
1717387713,0
1717387743,0
1717387773,0
1717387803,0
1717387833,0
1717387863,0
1717387893,0
1717387923,0
1717387953,0
1717387983,0
1717388013,0
1717388043,0
1717388073,0
1717388103,0
1717388133,0
1717388163,0
1717388193,0
1717388223,0
1717388253,0
1717388283,0
1717388313,0
1717388343,0
1717388373,0
1717388403,0
1717388433,0
1717388463,0
1717388493,0
1717388523,0
1717388553,0
1717388583,0
1717388613,0
1717388643,0
1717388673,0
1717388703,0
1717388733,0
1717388763,0
1717388793,0
1717388823,0
1717388853,0
1717388883,0
1717388913,0
1717388943,0
1717388973,0
1717389003,0
1717389034,0
1717389064,0
1717389094,0
1717389124,0
1717389154,0
1717389184,0
1717389214,0
1717389244,0
1717389274,0
1717389304,0
1717389334,0
1717389364,0
1717389394,0
1717389424,0
1717389454,0
1717389484,0
1717389514,0
1717389544,0
1717389574,0
1717389604,0
1717389634,0
1717389664,0
1717389694,0
1717389724,0
1717389754,0
1717389784,0
1717389814,0
1717389844,0
1717389874,0
1717389904,0
1717389934,0
1717389964,0
1717389994,0
1717390024,0
1717390054,0
1717390084,0
1717390114,0
1717390144,0
1717390174,0
1717390204,0
1717390234,0
1717390264,0
1717390294,0
1717390324,0
1717390354,0
1717390384,0
1717390414,0
1717390444,0
1717390474,0
1717390504,0
1717390534,0
1717390564,0
1717390594,0
1717390624,0
1717390654,0
1717390684,0
1717390714,0
1717390744,0
1717390774,0
1717390804,0
1717390834,0
1717390864,0
1717390894,0
1717390924,0
1717390954,0
1717390984,0
1717391014,0
1717391044,0
1717391074,0
1717391104,0
1717391134,0
1717391164,0
1717391194,0
1717391224,0
1717391254,0
1717391284,0
1717391314,0
1717391344,0
1717391374,0
1717391404,0
1717391434,0
1717391464,0
1717391494,0
1717391524,0
1717391554,0
1717391584,0
1717391614,0
1717391644,0
1717391675,0
1717391705,0
1717391735,0
1717391765,0
1717391795,0
1717391825,0
1717391855,0
1717391885,0
1717391915,0
1717391945,0
1717391975,0
1717392005,0
1717392035,0
1717392065,0
1717392095,0
1717392125,0
1717392155,0
1717392185,0
1717392215,0
1717392245,0
1717392275,0
1717392305,0
1717392335,0
1717392365,0
1717392395,0
1717392425,0
1717392455,0
1717392485,0
1717392515,0
1717392545,0
1717392575,0
1717392605,0
1717392635,0
1717392665,0
1717392695,0
1717392725,0
1717392755,0
1717392785,0
1717392815,0
1717392845,0
1717392875,0
1717392905,0
1717392935,0
1717392965,0
1717392995,0
1717393025,0
1717393055,0
1717393085,0
1717393115,0
1717393145,0
1717393175,0
1717393205,0
1717393235,0
1717393265,0
1717393295,0
1717393325,0
1717393355,0
1717393385,0
1717393415,0
1717393445,0
1717393475,0
1717393505,0
1717393535,0
1717393565,0
1717393595,0
1717393625,0
1717393655,0
1717393685,0
1717393715,0
1717393745,0
1717393775,0
1717393805,0
1717393835,0
1717393865,0
1717393895,0
1717393925,0
1717393955,0
1717393985,0
1717394015,0
1717394046,0
1717394076,0
1717394106,0
1717394136,0
1717394166,0
1717394196,0
1717394226,0
1717394256,0
1717394286,0
1717394316,0
1717394346,0
1717394376,0
1717394406,0
1717394436,0
1717394466,0
1717394496,0
1717394526,0
1717394556,0
1717394586,0
1717394616,0
1717394646,0
1717394676,0
1717394706,0
1717394736,0
1717394766,0
1717394796,0
1717394826,0
1717394856,0
1717394886,0
1717394916,0
1717394946,0
1717394976,0
1717395006,0
1717395036,0
1717395066,0
1717395096,0
1717395126,0
1717395156,0
1717395186,0
1717395216,0
1717395246,0
1717395276,0
1717395306,0
1717395336,0
1717395366,0
1717395396,0
1717395426,0
1717395456,0
1717395486,0
1717395516,0
1717395546,0
1717395576,0
1717395606,0
1717395636,0
1717395666,0
1717395696,0
1717395726,0
1717395756,0
1717395786,0
1717395816,0
1717395846,0
1717395876,0
1717395906,0
1717395936,0
1717395966,0
1717395996,0
1717396026,0
1717396056,0
1717396086,0
1717396117,0
1717396147,0
1717396177,0
1717396207,0
1717396237,0
1717396267,0
1717396297,0
1717396327,0
1717396357,0
1717396387,0
1717396417,0
1717396447,0
1717396477,0
1717396507,0
1717396537,0
1717396567,0
1717396597,0
1717396627,0
1717396657,0
1717396687,0
1717396717,0
1717396747,0
1717396777,0
1717396807,0
1717396837,0
1717396867,0
1717396897,0
1717396927,0
1717396957,0
1717396987,0
1717397017,0
1717397047,0
1717397077,0
1717397107,0
1717397137,0
1717397167,0
1717397197,0
1717397227,0
1717397257,0
1717397287,0
1717397317,0
1717397347,0
1717397377,0
1717397407,0
1717397437,0
1717397467,0
1717397497,0
1717397528,0
1717397558,0
1717397588,0
1717397618,0
1717397648,0
1717397678,0
1717397708,0
1717397738,0
1717397768,0
1717397798,0
1717397828,0
1717397858,0
1717397888,0
1717397918,0
1717397948,0
1717397978,0
1717398008,0
1717398038,0
1717398068,0
1717398098,0
1717398128,0
1717398158,0
1717398188,0
1717398218,0
1717398248,0
1717398278,0
1717398308,0
1717398338,0
1717398368,0
1717398398,0
1717398428,0
1717398458,0
1717398488,0
1717398518,0
1717398548,0
1717398578,0
1717398608,0
1717398638,0
1717398668,0
1717398698,0
1717398728,0
1717398758,0
1717398788,0
1717398818,0
1717398848,0
1717398878,0
1717398908,0
1717398938,0
1717398968,0
1717398998,0
1717399028,0
1717399058,0
1717399088,0
1717399118,0
1717399148,0
1717399178,0
1717399208,0
1717399238,0
1717399268,0
1717399298,0
1717399328,0
1717399359,0
1717399389,0
1717399419,0
1717399449,0
1717399479,0
1717399509,0
1717399539,0
1717399569,0
1717399599,0
1717399629,0
1717399659,0
1717399689,0
1717399719,0
1717399749,0
1717399779,0
1717399809,0
1717399839,0
1717399869,0
1717399899,0
1717399929,0
1717399959,0
1717399989,0
1717400019,0
1717400049,0
1717400079,0
1717400109,0
1717400139,0
1717400169,0
1717400199,0
1717400229,0
1717400259,0
1717400289,0
1717400319,0
1717400349,0
1717400379,0
1717400409,0
1717400439,0
1717400469,0
1717400499,0
1717400529,0
1717400559,0
1717400589,0
1717400619,0
1717400649,0
1717400679,0
1717400709,0
1717400739,0
1717400769,0
1717400799,0
1717400829,0
1717400859,0
1717400889,0
1717400919,0
1717400949,0
1717400979,0
1717401009,0
1717401039,0
1717401069,0
1717401099,0
1717401130,0
1717401160,0
1717401190,0
1717401220,0
1717401250,0
1717401280,0
1717401310,0
1717401340,0
1717401370,0
1717401400,0
1717401430,0
1717401460,0
1717401490,0
1717401520,0
1717401550,0
1717401580,0
1717401610,0
1717401640,0
1717401670,0
1717401700,0
1717401730,0
1717401760,0
1717401790,0
1717401820,0
1717401850,0
1717401880,0
1717401910,0
1717401940,0
1717401970,0
1717402000,0
1717402030,0
1717402060,0
1717402090,0
1717402120,0
1717402150,0
1717402180,0
1717402210,0
1717402240,0
1717402270,0
1717402300,0
1717402330,0
1717402360,0
1717402390,0
1717402420,0
1717402450,0
1717402480,0
1717402510,0
1717402540,0
1717402570,0
1717402600,0
1717402630,0
1717402660,0
1717402690,0
1717402720,0
1717402750,0
1717402780,0
1717402810,0
1717402840,0
1717402870,0
1717402900,0
1717402930,0
1717402960,0
1717402990,0
1717403020,0
1717403050,0
1717403080,0
1717403110,0
1717403140,0
1717403170,0
1717403200,0
1717403230,0
1717403260,0
1717403290,0
1717403320,0
1717403350,0
1717403380,0
1717403410,0
1717403440,0
1717403470,0
1717403500,0
1717403530,0
1717403560,0
1717403590,0
1717403620,0
1717403650,0
1717403680,0
1717403710,0
1717403740,0
1717403770,0
1717403800,0
1717403830,0
1717403860,0
1717403890,0
1717403920,0
1717403950,0
1717403980,0
1717404010,0
1717404041,0
1717404071,0
1717404101,0
1717404131,0
1717404161,0
1717404191,0
1717404221,0
1717404251,0
1717404281,0
1717404311,0
1717404341,0
1717404371,0
1717404401,0
1717404431,0
1717404461,0
1717404491,0
1717404521,0
1717404551,0
1717404581,0
1717404611,0
1717404641,0
1717404671,0
1717404701,0
1717404731,0
1717404761,0
1717404791,0
1717404821,0
1717404851,0
1717404881,0
1717404911,0
1717404941,0
1717404971,0
1717405001,0
1717405031,0
1717405061,0
1717405091,0
1717405121,0
1717405151,0
1717405181,0
1717405211,0
1717405241,0
1717405271,0
1717405301,0
1717405331,0
1717405361,0
1717405391,0
1717405421,0
1717405451,0
1717405481,0
1717405511,0
1717405541,0
1717405571,0
1717405601,0
1717405631,0
1717405661,0
1717405691,0
1717405721,0
1717405751,0
1717405781,0
1717405811,0
1717405841,0
1717405871,0
1717405901,0
1717405931,0
1717405961,0
1717405991,0
1717406021,0
1717406051,0
1717406081,0
1717406111,0
1717406141,0
1717406171,0
1717406201,0
1717406231,0
1717406261,0
1717406291,0
1717406321,0
1717406351,0
1717406381,0
1717406411,0
1717406441,0
1717406471,0
1717406501,0
1717406531,0
1717406561,0
1717406591,0
1717406621,0
1717406651,0
1717406681,0
1717406711,0
1717406741,0
1717406771,0
1717406801,0
1717406831,0
1717406861,0
1717406891,0
1717406921,0
1717406951,0
1717406981,0
1717407011,0
1717407042,0
1717407072,0
1717407102,0
1717407132,0
1717407162,0
1717407192,0
1717407222,0
1717407252,0
1717407282,0
1717407312,0
1717407342,0
1717407372,0
1717407402,0
1717407432,0
1717407462,0
1717407492,0
1717407522,0
1717407552,0
1717407582,0
1717407612,0
1717407642,0
1717407672,0
1717407702,0
1717407732,0
1717407762,0
1717407792,0
1717407822,0
1717407852,0
1717407882,0
1717407912,0
1717407942,0
1717407972,0
1717408002,0
1717408032,0
1717408062,0
1717408092,0
1717408122,0
1717408152,0
1717408182,0
1717408212,0
1717408242,0
1717408272,0
1717408302,0
1717408332,0
1717408362,0
1717408392,0
1717408422,0
1717408452,0
1717408482,0
1717408512,0
1717408542,0
1717408572,0
1717408602,0
1717408632,0
1717408662,0
1717408692,0
1717408722,0
1717408752,0
1717408782,0
1717408812,0
1717408842,0
1717408872,0
1717408902,0
1717408932,0
1717408962,0
1717408992,0
1717409022,0
1717409052,0
1717409082,0
1717409112,0
1717409142,0
1717409172,0
1717409202,0
1717409232,0
1717409262,0
1717409292,0
1717409322,0
1717409352,0
1717409382,0
1717409412,0
1717409442,0
1717409472,0
1717409502,0
1717409532,0
1717409562,0
1717409592,0
1717409622,0
1717409652,0
1717409682,0
1717409712,0
1717409742,0
1717409772,0
1717409802,0
1717409832,0
1717409862,0
1717409892,0
1717409922,0
1717409952,0
1717409982,0
1717410013,0
1717410043,0
1717410073,0
1717410103,0
1717410133,0
1717410163,0
1717410193,0
1717410223,0
1717410253,0
1717410283,0
1717410313,0
1717410343,0
1717410373,0
1717410403,0
1717410433,0
1717410463,0
1717410493,0
1717410523,0
1717410553,0
1717410583,0
1717410613,0
1717410643,0
1717410673,0
1717410703,0
1717410733,0
1717410763,0
1717410793,0
1717410823,0
1717410853,0
1717410883,0
1717410913,0
1717410943,0
1717410973,0
1717411003,0
1717411033,0
1717411063,0
1717411093,0
1717411123,0
1717411153,0
1717411183,0
1717411213,0
1717411243,0
1717411273,0
1717411303,0
1717411333,0
1717411363,0
1717411393,0
1717411423,0
1717411453,0
1717411483,0
1717411513,0
1717411543,0
1717411573,0
1717411603,0
1717411633,0
1717411663,0
1717411693,0
1717411723,0
1717411753,0
1717411783,0
1717411813,0
1717411843,0
1717411873,0
1717411903,0
1717411933,0
1717411963,0
1717411993,0
1717412023,0
1717412053,0
1717412083,0
1717412113,0
1717412143,0
1717412173,0
1717412203,0
1717412233,0
1717412263,0
1717412293,0
1717412322,0
1717412352,0
1717412382,0
1717412412,0
1717412442,0
1717412472,0
1717412502,0
1717412532,0
1717412562,0
1717412592,0
1717412622,0
1717412652,0
1717412682,0
1717412712,0
1717412742,0
1717412772,0
1717412802,0
1717412832,0
1717412862,0
1717412892,0
1717412922,0
1717412952,0
1717412982,0
1717413012,0
1717413042,0
1717413072,0
1717413102,0
1717413132,0
1717413162,0
1717413192,0
1717413222,0
1717413252,0
1717413282,0
1717413312,0
1717413342,0
1717413372,0
1717413402,0
1717413432,0
1717413462,0
1717413492,0
1717413522,0
1717413552,0
1717413582,0
1717413612,0
1717413642,0
1717413672,0
1717413702,0
1717413732,0
1717413762,0
1717413793,0
1717413823,0
1717413853,0
1717413883,0
1717413913,0
1717413943,0
1717413973,0
1717414003,0
1717414033,0
1717414063,0
1717414093,0
1717414123,0
1717414153,0
1717414183,0
1717414213,0
1717414243,0
1717414273,0
1717414303,0
1717414333,0
1717414363,0
1717414393,0
1717414423,0
1717414453,0
1717414483,0
1717414513,0
1717414543,0
1717414573,0
1717414603,0
1717414633,0
1717414663,0
1717414693,0
1717414723,0
1717414753,0
1717414783,0
1717414813,0
1717414843,0
1717414873,0
1717414903,0
1717414933,0
1717414963,0
1717414993,0
1717415023,0
1717415053,0
1717415083,0
1717415113,0
1717415143,0
1717415173,0
1717415203,0
1717415233,0
1717415263,0
1717415293,0
1717415323,0
1717415353,0
1717415383,0
1717415413,0
1717415443,0
1717415473,0
1717415503,0
1717415533,0
1717415563,0
1717415593,0
1717415623,0
1717415653,0
1717415683,0
1717415713,0
1717415743,0
1717415773,0
1717415803,0
1717415833,0
1717415863,0
1717415893,0
1717415923,0
1717415953,0
1717415983,0
1717416013,0
1717416043,0
1717416073,0
1717416103,0
1717416133,0
1717416163,0
1717416193,0
1717416223,0
1717416253,0
1717416283,0
1717416313,0
1717416343,0
1717416373,0
1717416403,0
1717416433,0
1717416463,0
1717416493,0
1717416523,0
1717416553,0
1717416583,0
1717416613,0
1717416643,0
1717416673,0
1717416703,0
1717416733,0
1717416764,0
1717416794,0
1717416824,0
1717416854,0
1717416884,0
1717416914,0
1717416944,0
1717416974,0
1717417004,0
1717417034,0
1717417064,0
1717417094,0
1717417124,0
1717417154,0
1717417184,0
1717417214,0
1717417244,0
1717417274,0
1717417304,0
1717417334,0
1717417364,0
1717417394,0
1717417424,0
1717417454,0
1717417484,0
1717417514,0
1717417544,0
1717417574,0
1717417604,0
1717417634,0
1717417664,0
1717417694,0
1717417724,0
1717417754,0
1717417784,0
1717417814,0
1717417844,0
1717417874,0
1717417904,0
1717417934,0
1717417964,0
1717417994,0
1717418024,0
1717418054,0
1717418084,0
1717418114,0
1717418144,0
1717418174,0
1717418204,0
1717418234,0
1717418264,0
1717418294,0
1717418324,0
1717418354,0
1717418384,0
1717418414,0
1717418444,0
1717418474,0
1717418504,0
1717418534,0
1717418564,0
1717418594,0
1717418624,0
1717418654,0
1717418684,0
1717418714,0
1717418744,0
1717418774,0
1717418804,0
1717418834,0
1717418864,0
1717418894,0
1717418924,0
1717418954,0
1717418984,0
1717419014,0
1717419044,0
1717419074,0
1717419104,0
1717419134,0
1717419164,0
1717419194,0
1717419224,0
1717419255,0
1717419285,0
1717419315,0
1717419345,0
1717419375,0
1717419405,0
1717419435,0
1717419465,0
1717419495,0
1717419525,0
1717419555,0
1717419585,0
1717419615,0
1717419645,0
1717419675,0
1717419705,0
1717419735,0
1717419765,0
1717419795,0
1717419825,0
1717419855,0
1717419885,0
1717419915,0
1717419945,0
1717419975,0
1717420005,0
1717420035,0
1717420065,0
1717420095,0
1717420125,0
1717420155,0
1717420185,0
1717420215,0
1717420245,0
1717420275,0
1717420305,0
1717420335,0
1717420365,0
1717420395,0
1717420425,0
1717420455,0
1717420485,0
1717420515,0
1717420545,0
1717420575,0
1717420605,0
1717420635,0
1717420665,0
1717420695,0
1717420725,0
1717420755,0
1717420785,0
1717420815,0
1717420845,0
1717420875,0
1717420905,0
1717420935,0
1717420965,0
1717420995,0
1717421025,0
1717421055,0
1717421085,0
1717421115,0
1717421145,0
1717421175,0
1717421205,0
1717421235,0
1717421265,0
1717421295,0
1717421325,0
1717421355,0
1717421385,0
1717421415,0
1717421445,0
1717421475,0
1717421505,0
1717421535,0
1717421565,0
1717421595,0
1717421625,0
1717421655,0
1717421685,0
1717421715,0
1717421745,0
1717421775,0
1717423440,0
1717423470,0
1717423500,0
1717423530,0
1717423560,0
1717423590,0
1717423620,0
1717423650,0
1717423680,0
1717423710,0
1717423740,0
1717423770,0
1717423800,0
1717423830,0
1717423860,0
1717423890,0
1717423920,0
1717423950,0
1717423980,0
1717424010,0
1717424040,0
1717424070,0
1717424100,0
1717424130,0
1717424160,0
1717424190,0
1717424220,0
1717424250,0
1717424280,0
1717424310,0
1717424340,0
1717424370,0
1717424401,0
1717424431,0
1717424461,0
1717424491,0
1717424521,0
1717424551,0
1717424581,0
1717424611,0
1717424641,0
1717424671,0
1717424701,0
1717424731,0
1717424761,0
1717424791,0
1717424821,0
1717424851,0
1717424881,0
1717424911,0
1717424941,0
1717424971,0
1717425001,0
1717425031,0
1717425061,0
1717425091,0
1717425121,0
1717425151,0
1717425181,0
1717425211,0
1717425241,0
1717425271,0
1717425301,0
1717425331,0
1717425361,0
1717425391,0
1717425421,0
1717425451,0
1717425481,0
1717425511,0
1717425541,0
1717425571,0
1717459350,0
1717459380,0
1717459410,0
1717459440,0
1717459470,0
1717459500,0
1717459530,0
1717459560,0
1717459590,0
1717459621,0
1717459651,0
1717459681,0
1717459711,0
1717459741,0
1717459771,0
1717459801,0
1717459831,0
1717459861,0
1717459891,0
1717459921,0
1717459951,0
1717459981,0
1717460011,0
1717460041,0
1717460071,0
1717460101,0
1717460131,0
1717460161,0
1717460191,0
1717460221,0
1717460251,0
1717460281,0
1717460311,0
1717460341,0
1717460371,0
1717460401,0
1717460431,0
1717460461,0
1717460491,0
1717460521,0
1717460551,0
1717460581,0
1717460611,0
1717460641,0
1717460671,0
1717460701,0
1717460731,0
1717460761,0
1717460791,0
1717460821,0
1717460851,0
1717460881,0
1717460911,0
1717460941,0
1717460971,0
1717461001,0
1717461031,0
1717461061,0
1717461091,0
1717461121,0
1717461151,0
1717461181,0
1717461211,0
1717461241,0
1717461271,0
1717461301,0
1717461332,0
1717461362,0
1717461392,0
1717461422,0
1717461452,0
1717461482,0
1717461512,0
1717461542,0
1717461572,0
1717461602,0
1717461632,0
1717461662,0
1717461692,0
1717461722,0
1717461752,0
1717461782,0
1717461812,0
1717461842,0
1717461872,0
1717461902,0
1717461932,0
1717461962,0
1717461992,0
1717462022,0
1717462052,0
1717462082,0
1717462112,0
1717462142,0
1717462172,0
1717462202,0
1717462232,0
1717462262,0
1717462292,0
1717462322,0
1717462352,0
1717462382,0
1717462412,0
1717462442,0
1717462472,0
1717462502,0
1717462532,0
1717462562,0
1717462592,0
1717462622,0
1717462652,0
1717462682,0
1717462712,0
1717462742,0
1717462772,0
1717462802,0
1717462832,0
1717462862,0
1717462892,0
1717462922,0
1717462952,0
1717462982,0
1717463012,0
1717463042,0
1717463072,0
1717463102,0
1717463132,0
1717463162,0
1717463192,0
1717463222,0
1717463252,0
1717463282,0
1717463312,0
1717463342,0
1717463372,0
1717463402,0
1717463432,0
1717463462,0
1717463492,0
1717463522,0
1717463552,0
1717463582,0
1717463612,0
1717463642,0
1717463672,0
1717463702,0
1717463732,0
1717463762,0
1717463792,0
1717463822,0
1717463852,0
1717463882,0
1717463912,0
1717463942,0
1717463972,0
1717464002,0
1717464032,0
1717464062,0
1717464092,0
1717464123,0
1717464153,0
1717464183,0
1717464213,0
1717464243,0
1717464273,0
1717464303,0
1717464333,0
1717464363,0
1717464393,0
1717464423,0
1717464453,0
1717464483,0
1717464513,0
1717464543,0
1717464573,0
1717464603,0
1717464633,0
1717464663,0
1717464693,0
1717464723,0
1717464753,0
1717464783,0
1717464813,0
1717464843,0
1717464873,0
1717464903,0
1717464933,0
1717464963,0
1717464993,0
1717465023,0
1717465053,0
1717465083,0
1717465113,0
1717465143,0
1717465173,0
1717465203,0
1717465233,0
1717465263,0
1717465293,0
1717465323,0
1717465353,0
1717465383,0
1717465413,0
1717465443,0
1717465473,0
1717465503,0
1717465533,0
1717465563,0
1717465593,0
1717465623,0
1717465653,0
1717465683,0
1717465713,0
1717465743,0
1717465773,0
1717465803,0
1717465833,0
1717465863,0
1717465893,0
1717465923,0
1717465953,0
1717465983,0
1717466013,0
1717466043,0
1717466073,0
1717466103,0
1717466133,0
1717466163,0
1717466193,0
1717466223,0
1717466253,0
1717466283,0
1717466313,0
1717466343,0
1717466373,0
1717466403,0
1717466433,0
1717466463,0
1717466493,0
1717466523,0
1717466553,0
1717466583,0
1717466613,0
1717466643,0
1717466674,0
1717466704,0
1717466734,0
1717466764,0
1717466794,0
1717466824,0
1717466854,0
1717466884,0
1717466914,0
1717466944,0
1717466974,0
1717467004,0
1717467034,0
1717467064,0
1717467094,0
1717467124,0
1717467154,0
1717467184,0
1717467214,0
1717467244,0
1717467274,0
1717467304,0
1717467334,0
1717467364,0
1717467394,0
1717467424,0
1717467454,0
1717467484,0
1717467514,0
1717467544,0
1717467574,0
1717467604,0
1717467634,0
1717592730,0
1717592760,0
1717592790,0
1717592820,0
1717592850,0
1717592880,0
1717592910,0
1717592940,0
1717592970,0
1717593000,0
1717593030,0
1717593060,0
1717593090,0
1717593120,0
1717593150,0
1717593180,0
1717593210,0
1717593240,0
1717593270,0
1717593300,0
1717593330,0
1717593360,0
1717593390,0
1717593420,0
1717593450,0
1717593480,0
1717593510,0
1717593540,0
1717593570,0
1717593600,0
1717593630,0
1717593660,0
1717593690,0
1717593721,0
1717593751,0
1717593781,0
1717593811,0
1717593841,0
1717593871,0
1717593901,0
1717593931,0
1717593961,0
1717593991,0
1717594021,0
1717594051,0
1717594081,0
1717594111,0
1717594141,0
1717594171,0
1717594201,0
1717594231,0
1717594261,0
1717594291,0
1717594321,0
1717594351,0
1717594381,0
1717594411,0
1717594441,0
1717594471,0
1717594501,0
1717594531,0
1717594561,0
1717594591,0
1717594621,0
1717594651,0
1717594681,0
1717594711,0
1717594741,0
1717594771,0
1717594801,0
1717594831,0
1717594861,0
1717594891,0
1717594921,0
1717594951,0
1717642650,0
1717642680,0
1717642710,0
1717642740,0
1717642770,0
1717642800,0
1717642830,0
1717642860,0
1717642890,0
1717642920,0
1717642950,0
1717642980,0
1717643010,0
1717643040,0
1717643070,0
1717643100,0
1717643130,0
1717643160,0
1717643190,0
1717643220,0
1717643251,0
1717643281,0
1717643311,0
1717643341,0
1717643371,0
1717643401,0
1717643431,0
1717643461,0
1717643491,0
1717643521,0
1717643551,0
1717643581,0
1717643611,0
1717643641,0
1717643671,0
1717643701,0
1717643731,0
1717643761,0
1717643791,0
1717643821,0
1717643851,0
1717643881,0
1717643911,0
1717643941,0
1717643971,0
1717644001,0
1717644031,0
1717644061,0
1717644091,0
1717644121,0
1717644151,0
1717644181,0
1717644211,0
1717644241,0
1717644271,0
1717644301,0
1717644331,0
1717644361,0
1717644391,0
1717644421,0
1717644451,0
1717644481,0
1717644511,0
1717644541,0
1717644571,0
1717644601,0
1717644631,0
1717644661,0
1717644691,0
1717644721,0
1717644751,0
1717644781,0
1717644811,0
1717644841,0
1717644871,0
1717644901,0
1717644932,0
1717644962,0
1717644992,0
1717645022,0
1717645052,0
1717645082,0
1717645112,0
1717645142,0
1717645172,0
1717645202,0
1717645232,0
1717645262,0
1717645292,0
1717645322,0
1717645352,0
1717645382,0
1717645412,0
1717645442,0
1717645472,0
1717645502,0
1717645532,0
1717645562,0
1717645592,0
1717645622,0
1717645652,0
1717645682,0
1717645712,0
1717645742,0
1717645772,0
1717645802,0
1717645832,0
1717645862,0
1717645892,0
1717645922,0
1717645952,0
1717645982,0
1717646012,0
1717646042,0
1717646072,0
1717646102,0
1717646132,0
1717646162,0
1717646192,0
1717646222,0
1717646252,0
1717646282,0
1717646312,0
1717646342,0
1717646372,0
1717646402,0
1717646432,0
1717646462,0
1717646492,0
1717646522,0
1717646552,0
1717646582,0
1717646612,0
1717646642,0
1717646672,0
1717646702,0
1717646732,0
1717646763,0
1717646793,0
1717646823,0
1717646853,0
1717646883,0
1717646913,0
1717646943,0
1717646973,0
1717647003,0
1717647033,0
1717647063,0
1717647093,0
1717647123,0
1717647153,0
1717647183,0
1717647213,0
1717647243,0
1717647273,0
1717647303,0
1717647333,0
1717647363,0
1717647393,0
1717647423,0
1717647453,0
1717647483,0
1717647513,0
1717647543,0
1717647573,0
1717647603,0
1717647633,0
1717647663,0
1717647693,0
1717647723,0
1717647753,0
1717647783,0
1717647813,0
1717647843,0
1717647873,0
1717647903,0
1717647933,0
1717647963,0
1717647993,0
1717648023,0
1717648053,0
1717648083,0
1717648113,0
1717648143,0
1717648173,0
1717648203,0
1717648233,0
1717648263,0
1717648293,0
1717648323,0
1717648353,0
1717648383,0
1717648413,0
1717648443,0
1717648473,0
1717648503,0
1717648533,0
1717648564,0
1717648594,0
1717648624,0
1717648654,0
1717648684,0
1717648714,0
1717648744,0
1717648774,0
1717648804,0
1717648834,0
1717648864,0
1717648894,0
1717648924,0
1717648954,0
1717648984,0
1717649014,0
1717649044,0
1717649074,0
1717649104,0
1717649134,0
1717649164,0
1717649194,0
1717649224,0
1717649254,0
1717649284,0
1717649314,0
1717649344,0
1717649374,0
1717649404,0
1717649434,0
1717649464,0
1717649494,0
1717649524,0
1717649554,0
1717649584,0
1717649614,0
1717649644,0
1717649674,0
1717649704,0
1717649734,0
1717649764,0
1717649794,0
1717649824,0
1717649854,0
1717649884,0
1717649914,0
1717649944,0
1717649974,0
1717650004,0
1717650034,0
1717650064,0
1717650094,0
1717650124,0
1717650154,0
1717650184,0
1717650214,0
1717650244,0
1717650275,0
1717650305,0
1717650335,0
1717650365,0
1717650395,0
1717650425,0
1717650455,0
1717650485,0
1717650515,0
1717650545,0
1717650575,0
1717650605,0
1717650635,0
1717650665,0
1717650695,0
1717650725,0
1717650755,0
1717650785,0
1717650815,0
1717650845,0
1717650875,0
1717650905,0
1717650935,0
1717650965,0
1717650995,0
1717651025,0
1717651055,0
1717651085,0
1717651115,0
1717651145,0
1717651175,0
1717651205,0
1717651235,0
1717651265,0
1717651295,0
1717651325,0
1717651355,0
1717651385,0
1717651415,0
1717651445,0
1717651475,0
1717651505,0
1717651535,0
1717651565,0
1717651595,0
1717651625,0
1717651655,0
1717651685,0
1717651715,0
1717651745,0
1717651775,0
1717651805,0
1717651835,0
1717651865,0
1717651895,0
1717651925,0
1717651955,0
1717651985,0
1717652015,0
1717652045,0
1717652075,0
1717652105,0
1717652135,0
1717652165,0
1717652195,0
1717652225,0
1717652255,0
1717652285,0
1717652315,0
1717652345,0
1717652375,0
1717652406,0
1717652436,0
1717652466,0
1717652496,0
1717652526,0
1717652556,0
1717652586,0
1717652616,0
1717652646,0
1717652676,0
1717652706,0
1717652736,0
1717652766,0
1717652796,0
1717652826,0
1717652856,0
1717652886,0
1717652916,0
1717652946,0
1717652976,0
1717653006,0
1717653036,0
1717653066,0
1717653096,0
1717653126,0
1717653156,0
1717653186,0
1717653216,0
1717653246,0
1717653276,0
1717653306,0
1717653336,0
1717653366,0
1717653396,0
1717653426,0
1717653456,0
1717653486,0
1717653516,0
1717653546,0
1717653576,0
1717653606,0
1717653636,0
1717653666,0
1717653696,0
1717653726,0
1717653756,0
1717653786,0
1717653816,0
1717653846,0
1717653876,0
1717653906,0
1717653936,0
1717653966,0
1717653996,0
1717654026,0
1717654056,0
1717654086,0
1717654116,0
1717654146,0
1717654176,0
1717654207,0
1717654237,0
1717654267,0
1717654297,0
1717654327,0
1717654357,0
1717654387,0
1717654417,0
1717654447,0
1717654477,0
1717654507,0
1717654537,0
1717654567,0
1717654597,0
1717654627,0
1717824600,0
1717824630,0
1717824660,0
1717824690,0
1717824720,0
1717824750,0
1717824780,0
1717824810,0
1717824840,0
1717824870,0
1717824900,0
1717824930,0
1717824960,0
1717824990,0
1717825020,0
1717825050,0
1717825080,0
1717825110,0
1717825140,0
1717825170,0
1717825200,0
1717825230,0
1717825260,0
1717825290,0
1717825320,0
1717825351,0
1717825381,0
1717825411,0
1717825441,0
1717825471,0
1717825501,0
1717825531,0
1717825561,0
1717825591,0
1717825621,0
1717825651,0
1717825681,0
1717825711,0
1717825741,0
1717825771,0
1717825801,0
1717825831,0
1717825861,0
1717825891,0
1717825921,0
1717825951,0
1717825981,0
1717826011,0
1717826041,0
1717826071,0
1717826101,0
1717826131,0
1717826161,0
1717826191,0
1717826221,0
1717826251,0
1717826281,0
1717826311,0
1717826341,0
1717826371,0
1717826401,0
1717826431,0
1717826461,0
1717826491,0
1717826521,0
1717826551,0
1717826581,0
1717826611,0
1717826641,0
1717826671,0
1717826701,0
1717826731,0
1717826761,0
1717826791,0
1717826821,0
1717826851,0
1717826881,0
1717826911,0
1717826941,0
1717826971,0
1717827001,0
1717827031,0
1717827062,0
1717827092,0
1717827122,0
1717827152,0
1717827182,0
1717827212,0
1717827242,0
1717827272,0
1717827302,0
1717827332,0
1717827362,0
1717827392,0
1717827422,0
1717827452,0
1717827482,0
1717827512,0
1717827542,0
1717827572,0
1717827602,0
1717827632,0
1717827662,0
1717827692,0
1717827722,0
1717827752,0
1717827782,0
1717827812,0
1717827842,0
1717827872,0
1717827902,0
1717827932,0
1717827962,0
1717827992,0
1717828022,0
1717828052,0
1717828082,0
1717828112,0
1717828142,0
1717828172,0
1717828202,0
1717828232,0
1717828262,0
1717828292,0
1717828322,0
1717828352,0
1717828382,0
1717828412,0
1717828442,0
1717828472,0
1717828503,0
1717828533,0
1717828563,0
1717828593,0
1717828623,0
1717828653,0
1717828683,0
1717828713,0
1717828743,0
1717828773,0
1717828803,0
1717828833,0
1717828863,0
1717828893,0
1717828923,0
1717828953,0
1717828983,0
1717829013,0
1717829043,0
1717829073,0
1717829103,0
1717829133,0
1717829163,0
1717829193,0
1717829223,0
1717829253,0
1717829283,0
1717829313,0
1717829343,0
1717829373,0
1717829403,0
1717829433,0
1717829463,0
1717829493,0
1717829523,0
1717829553,0
1717829583,0
1717829613,0
1717829643,0
1717829673,0
1717829703,0
1717829733,0
1717829763,0
1717829793,0
1717829823,0
1717829853,0
1717829883,0
1717829913,0
1717829943,0
1717829973,0
1717830003,0
1717830033,0
1717830063,0
1717830093,0
1717830123,0
1717830153,0
1717830183,0
1717830213,0
1717830243,0
1717830273,0
1717830304,0
1717830334,0
1717830364,0
1717830394,0
1717830424,0
1717830454,0
1717830484,0
1717830514,0
1717830544,0
1717830574,0
1717830604,0
1717830634,0
1717830664,0
1717830694,0
1717830724,0
1717830754,0
1717830784,0
1717830814,0
1717830844,0
1717830874,0
1717830904,0
1717830934,0
1717830964,0
1717830994,0
1717831024,0
1717831054,0
1717831084,0
1717831114,0
1717831144,0
1717831174,0
1717831204,0
1717831234,0
1717831264,0
1717831294,0
1717831324,0
1717831354,0
1717831384,0
1717831414,0
1717831444,0
1717831474,0
1717831504,0
1717831534,0
1717831564,0
1717831594,0
1717831624,0
1717831654,0
1717831684,0
1717831714,0
1717831744,0
1717831774,0
1717831804,0
1717831834,0
1717831864,0
1717831894,0
1717831924,0
1717831954,0
1717831984,0
1717832014,0
1717832044,0
1717832074,0
1717832104,0
1717832134,0
1717832164,0
1717832194,0
1717832224,0
1717832254,0
1717832284,0
1717832314,0
1717832344,0
1717832374,0
1717832404,0
1717832435,0
1717832465,0
1717832495,0
1717832525,0
1717832555,0
1717832585,0
1717832615,0
1717832645,0
1717832675,0
1717832705,0
1717832735,0
1717832765,0
1717832795,0
1717832825,0
1717832855,0
1717832885,0
1717832915,0
1717832945,0
1717832975,0
1717833005,0
1717833035,0
1717833065,0
1717833095,0
1717833125,0
1717833155,0
1717833185,0
1717833215,0
1717833245,0
1717833275,0
1717833305,0
1717833335,0
1717833365,0
1717833395,0
1717833425,0
1717833455,0
1717833485,0
1717833515,0
1717833545,0
1717833575,0
1717833605,0
1717833635,0
1717833665,0
1717833695,0
1717833725,0
1717833755,0
1717833785,0
1717833815,0
1717833845,0
1717833875,0
1717833905,0
1717833935,0
1717833965,0
1717833995,0
1717834026,0
1717834056,0
1717834086,0
1717834116,0
1717834146,0
1717834176,0
1717834206,0
1717834236,0
1717834266,0
1717834296,0
1717834326,0
1717834356,0
1717834386,0
1717834416,0
1717834446,0
1717834476,0
1717834506,0
1717834536,0
1717834566,0
1717834596,0
1717834626,0
1717834656,0
1717834686,0
1717834716,0
1717834746,0
1717834776,0
1717834806,0
1717834836,0
1717834866,0
1717834896,0
1717834926,0
1717834956,0
1717834986,0
1717835016,0
1717835046,0
1717835076,0
1717835106,0
1717835136,0
1717835166,0
1717835196,0
1717835226,0
1717835256,0
1717835286,0
1717835316,0
1717835346,0
1717835376,0
1717835406,0
1717835436,0
1717835466,0
1717835496,0
1717835526,0
1717835556,0
1717835586,0
1717835616,0
1717835646,0
1717835676,0
1717835706,0
1717835736,0
1717835766,0
1717835796,0
1717835826,0
1717835856,0
1717835886,0
1717835917,0
1717835947,0
1717835977,0
1717836007,0
1717836037,0
1717836067,0
1717836097,0
1717836127,0
1717836157,0
1717836187,0
1717836217,0
1717836247,0
1717836277,0
1717836307,0
1717836337,0
1717836367,0
1717836397,0
1717836427,0
1717836457,0
1717836487,0
1717836517,0
1717836547,0
1717836577,0
1717836607,0
1717836637,0
1717836667,0
1717836697,0
1717836727,0
1717836757,0
1717836787,0
1717836817,0
1717836847,0
1717836877,0
1717836907,0
1717836937,0
1717836967,0
1717836997,0
1717837027,0
1717837057,0
1717837087,0
1717837117,0
1717837147,0
1717837177,0
1717837207,0
1717837237,0
1717837267,0
1717837297,0
1717837327,0
1717837357,0
1717837387,0
1717837417,0
1717837447,0
1717837477,0
1717837507,0
1717837537,0
1717837567,0
1717837597,0
1717837628,0
1717837658,0
1717837688,0
1717837718,0
1717837748,0
1717837778,0
1717837808,0
1717837838,0
1717837868,0
1717837898,0
1717837928,0
1717837958,0
1717837988,0
1717838018,0
1717838048,0
1717838078,0
1717838108,0
1717838138,0
1717838168,0
1717838198,0
1717838228,0
1717838258,0
1717838288,0
1717838318,0
1717838348,0
1717838378,0
1717838408,0
1717838438,0
1717838468,0
1717838498,0
1717838528,0
1717838558,0
1717838588,0
1717838618,0
1717838648,0
1717838678,0
1717838708,0
1717838738,0
1717838768,0
1717838798,0
1717838828,0
1717838858,0
1717838888,0
1717838918,0
1717838948,0
1717838978,0
1717839008,0
1717839038,0
1717839068,0
1717839098,0
1717839128,0
1717839158,0
1717839188,0
1717839218,0
1717839248,0
1717839278,0
1717839308,0
1717839338,0
1717839368,0
1717839399,0
1717839429,0
1717839459,0
1717839489,0
1717839519,0
1717839549,0
1717839579,0
1717839609,0
1717839639,0
1717839669,0
1717839699,0
1717839729,0
1717839759,0
1717839789,0
1717839819,0
1717839849,0
1717839879,0
1717839909,0
1717839939,0
1717839969,0
1717839999,0
1717840029,0
1717840059,0
1717840089,0
1717840119,0
1717840149,0
1717840179,0
1717840209,0
1717840239,0
1717840269,0
1717840299,0
1717840329,0
1717840359,0
1717840389,0
1717840419,0
1717840449,0
1717840479,0
1717840509,0
1717840539,0
1717840569,0
1717840599,0
1717840629,0
1717840659,0
1717840689,0
1717840719,0
1717840749,0
1717840779,0
1717840809,0
1717840839,0
1717840869,0
1717840900,0
1717840930,0
1717840960,0
1717840990,0
1717841020,0
1717841050,0
1717841080,0
1717841110,0
1717841140,0
1717841170,0
1717841200,0
1717841230,0
1717841260,0
1717841290,0
1717841320,0
1717841350,0
1717841380,0
1717841410,0
1717841440,0
1717841470,0
1717841500,0
1717841530,0
1717841560,0
1717841590,0
1717841620,0
1717841650,0
1717841680,0
1717841710,0
1717841740,0
1717841770,0
1717841800,0
1717841830,0
1717841860,0
1717841890,0
1717841920,0
1717841950,0
1717841980,0
1717842010,0
1717842040,0
1717842070,0
1717842100,0
1717842130,0
1717842160,0
1717842190,0
1717842220,0
1717842250,0
1717842280,0
1717842310,0
1717842340,0
1717842370,0
1717842400,0
1717842430,0
1717842460,0
1717842490,0
1717842520,0
1717842550,0
1717842580,0
1717842610,0
1717842640,0
1717842670,0
1717842700,0
1717842730,0
1717842760,0
1717842790,0
1717842820,0
1717842851,0
1717842881,0
1717842911,0
1717842941,0
1717842971,0
1717843001,0
1717843031,0
1717843061,0
1717843091,0
1717843121,0
1717843151,0
1717843181,0
1717843211,0
1717843241,0
1717843271,0
1717843301,0
1717843331,0
1717843361,0
1717843391,0
1717843421,0
1717843451,0
1717843481,0
1717843511,0
1717843541,0
1717843571,0
1717843601,0
1717843631,0
1717843661,0
1717843691,0
1717843721,0
1717843751,0
1717843781,0
1717843811,0
1717843841,0
1717843871,0
1717843901,0
1717843931,0
1717843961,0
1717843991,0
1717844021,0
1717844051,0
1717844081,0
1717844111,0
1717844141,0
1717844171,0
1717844201,0
1717844231,0
1717844261,0
1717844291,0
1717844321,0
1717844351,0
1717844381,0
1717844411,0
1717844441,0
1717844471,0
1717844501,0
1717844531,0
1717844561,0
1717844591,0
1717844621,0
1717844651,0
1717844681,0
1717844712,0
1717844742,0
1717844772,0
1717844802,0
1717844832,0
1717844862,0
1717844892,0
1717844922,0
1717844952,0
1717844982,0
1717845012,0
1717845042,0
1717845072,0
1717845102,0
1717845132,0
1717845162,0
1717845192,0
1717845222,0
1717845252,0
1717845282,0
1717845312,0
1717845342,0
1717845372,0
1717845402,0
1717845432,0
1717845462,0
1717845492,0
1717845522,0
1717845552,0
1717845582,0
1717845612,0
1717845642,0
1717845672,0
1717845702,0
1717845732,0
1717845762,0
1717845792,0
1717845822,0
1717845852,0
1717845882,0
1717845912,0
1717845942,0
1717845972,0
1717846002,0
1717846032,0
1717846062,0
1717846092,0
1717846122,0
1717846152,0
1717846182,0
1717846212,0
1717846242,0
1717846272,0
1717846302,0
1717846332,0
1717846362,0
1717846392,0
1717846422,0
1717846452,0
1717846482,0
1717846512,0
1717846542,0
1717846573,0
1717846603,0
1717846633,0
1717846663,0
1717846693,0
1717846723,0
1717846753,0
1717846783,0
1717846813,0
1717846843,0
1717846873,0
1717846903,0
1717846933,0
1717846963,0
1717846993,0
1717847023,0
1717847053,0
1717847083,0
1717847113,0
1717847143,0
1717847173,0
1717847203,0
1717847233,0
1717847263,0
1717847293,0
1717847323,0
1717847353,0
1717847383,0
1717847413,0
1717847443,0
1717847473,0
1717847503,0
1717847533,0
1717847563,0
1717847593,0
1717847623,0
1717847653,0
1717847683,0
1717847713,0
1717847743,0
1717847773,0
1717847803,0
1717847833,0
1717847863,0
1717847893,0
1717847923,0
1717847953,0
1717847983,0
1717848013,0
1717848043,0
1717848073,0
1717848103,0
1717848133,0
1717848163,0
1717848193,0
1717848223,0
1717848253,0
1717848283,0
1717848313,0
1717848343,0
1717848373,0
1717848403,0
1717848433,0
1717848463,0
1717848493,0
1717848523,0
1717848553,0
1717848584,0
1717848614,0
1717848644,0
1717848674,0
1717848704,0
1717848734,0
1717848764,0
1717848794,0
1717848824,0
1717848854,0
1717848884,0
1717848914,0
1717848944,0
1717848974,0
1717849004,0
1717849034,0
1717849064,0
1717849094,0
1717849124,0
1717849154,0
1717849184,0
1717849214,0
1717849244,0
1717849274,0
1717849304,0
1717849334,0
1717849364,0
1717849394,0
1717849424,0
1717849454,0
1717849484,0
1717849514,0
1717849544,0
1717849574,0
1717849604,0
1717849634,0
1717849664,0
1717849694,0
1717849724,0
1717849754,0
1717849784,0
1717849814,0
1717849844,0
1717849874,0
1717849904,0
1717849934,0
1717849964,0
1717849994,0
1717850024,0
1717850054,0
1717850084,0
1717850114,0
1717850144,0
1717850174,0
1717850204,0
1717850234,0
1717850264,0
1717850294,0
1717850324,0
1717850354,0
1717850384,0
1717850414,0
1717850444,0
1717850474,0
1717850505,0
1717850535,0
1717850565,0
1717850595,0
1717850625,0
1717850655,0
1717850685,0
1717850715,0
1717850745,0
1717850775,0
1717850805,0
1717850835,0
1717850865,0
1717850895,0
1717850925,0
1717850955,0
1717850985,0
1717851015,0
1717851045,0
1717851075,0
1717851105,0
1717851135,0
1717901220,0
1717901250,0
1717901280,0
1717901310,0
1717901340,0
1717901370,0
1717901400,0
1717901430,0
1717901460,0
1717901490,0
1717901520,0
1717901550,0
1717901580,0
1717901610,0
1717901640,0
1717901670,0
1717901700,0
1717901730,0
1717901760,0
1717901790,0
1717901820,0
1717901850,0
1717901880,0
1717901910,0
1717901940,0
1717901970,0
1717902000,0
1717902030,0
1717902060,0
1717902090,0
1717902120,0
1717902150,0
1717902180,0
1717902210,0
1717902240,0
1717902270,0
1717902300,0
1717902331,0
1717902361,0
1717902391,0
1717902421,0
1717902451,0
1717902481,0
1717902511,0
1717902541,0
1717902571,0
1717902601,0
1717902631,0
1717902661,0
1717902691,0
1717902721,0
1717902751,0
1717902781,0
1717902811,0
1717902841,0
1717902871,0
1717902901,0
1717902931,0
1717902961,0
1717902991,0
1717903021,0
1717903051,0
1717903081,0
1717903111,0
1717903141,0
1717903171,0
1717903201,0
1717903231,0
1717903261,0
1717903291,0
1717903321,0
1717903351,0
1717903381,0
1717903411,0
1717903441,0
1717903471,0
1717903501,0
1717903531,0
1717903561,0
1717903591,0
1717903621,0
1717903651,0
1717903681,0
1717903711,0
1717903741,0
1717903771,0
1717903801,0
1717903831,0
1717903861,0
1717903891,0
1717903921,0
1717903951,0
1717903981,0
1717904012,0
1717904042,0
1717904072,0
1717904102,0
1717904132,0
1717904162,0
1717904192,0
1717904222,0
1717904252,0
1717904282,0
1717904312,0
1717904342,0
1717904372,0
1717904402,0
1717904432,0
1717904462,0
1717904492,0
1717904522,0
1717904552,0
1717904582,0
1717904612,0
1717904642,0
1717904672,0
1717904702,0
1717904732,0
1717904762,0
1717904792,0
1717904822,0
1717904852,0
1717904882,0
1717904912,0
1717904942,0
1717904972,0
1717905002,0
1717905032,0
1717905062,0
1717905092,0
1717905122,0
1717905152,0
1717905182,0
1717905212,0
1717905242,0
1717905272,0
1717905302,0
1717905332,0
1717905362,0
1717905392,0
1717905422,0
1717905452,0
1717905482,0
1717905512,0
1717905542,0
1717905572,0
1717905602,0
1717905632,0
1717905662,0
1717905692,0
1717905722,0
1717905752,0
1717905782,0
1717905812,0
1717905842,0
1717905872,0
1717905902,0
1717905933,0
1717905963,0
1717905993,0
1717906023,0
1717906053,0
1717906083,0
1717906113,0
1717906143,0
1717906173,0
1717906203,0
1717906233,0
1717906263,0
1717906293,0
1717906323,0
1717906353,0
1717906383,0
1717906413,0
1717906443,0
1717906473,0
1717906503,0
1717906533,0
1717906563,0
1717906593,0
1717906623,0
1717906653,0
1717906683,0
1717906713,0
1717906743,0
1717906773,0
1717906803,0
1717906833,0
1717906863,0
1717906893,0
1717906923,0
1717906953,0
1717906983,0
1717907013,0
1717907043,0
1717907073,0
1717907103,0
1717907133,0
1717907163,0
1717907193,0
1717907223,0
1717907253,0
1717907283,0
1717907313,0
1717907343,0
1717907373,0
1717907403,0
1717907433,0
1717907463,0
1717907493,0
1717907523,0
1717907553,0
1717907583,0
1717907613,0
1717907643,0
1717907673,0
1717907703,0
1717907733,0
1717907763,0
1717907793,0
1717907823,0
1717907853,0
1717907884,0
1717907914,0
1717907944,0
1717907974,0
1717908004,0
1717908034,0
1717908064,0
1717908094,0
1717908124,0
1717908154,0
1717908184,0
1717908214,0
1717908244,0
1717908274,0
1717908304,0
1717908334,0
1717908364,0
1717908394,0
1717908424,0
1717908454,0
1717908484,0
1717908514,0
1717908544,0
1717908574,0
1717908604,0
1717908634,0
1717908664,0
1717908694,0
1717908724,0
1717908754,0
1717908784,0
1717908814,0
1717908844,0
1717908874,0
1717908904,0
1717908934,0
1717908964,0
1717908994,0
1717909024,0
1717909054,0
1717909084,0
1717909114,0
1717909144,0
1717909174,0
1717909204,0
1717909234,0
1717909264,0
1717909294,0
1717909324,0
1717909354,0
1717909384,0
1717909414,0
1717909444,0
1717909474,0
1717909504,0
1717909534,0
1717909564,0
1717909594,0
1717909625,0
1717909655,0
1717909685,0
1717909715,0
1717909745,0
1717909775,0
1717909805,0
1717909835,0
1717909865,0
1717909895,0
1717909925,0
1717909955,0
1717909985,0
1717910015,0
1717910045,0
1717910075,0
1717910105,0
1717910135,0
1717910165,0
1717910195,0
1717910225,0
1717910255,0
1717910285,0
1717910315,0
1717910345,0
1717910375,0
1717910405,0
1717910435,0
1717910465,0
1717910495,0
1717910525,0
1717910555,0
1717910585,0
1717910615,0
1717910645,0
1717910675,0
1717910705,0
1717910735,0
1717910765,0
1717910795,0
1717910825,0
1717910855,0
1717910885,0
1717910915,0
1717910945,0
1717910975,0
1717911005,0
1717911035,0
1717911065,0
1717911095,0
1717911125,0
1717911155,0
1717911185,0
1717911215,0
1717911245,0
1717911275,0
1717911305,0
1717911335,0
1717911365,0
1717911395,0
1717911426,0
1717911456,0
1717911486,0
1717911516,0
1717911546,0
1717911576,0
1717911606,0
1717911636,0
1717911666,0
1717911696,0
1717911726,0
1717911756,0
1717911786,0
1717911816,0
1717911846,0
1717911876,0
1717911906,0
1717911936,0
1717911966,0
1717911996,0
1717912026,0
1717912056,0
1717912086,0
1717912116,0
1717912146,0
1717912176,0
1717912206,0
1717912236,0
1717912266,0
1717912296,0
1717912326,0
1717912356,0
1717912386,0
1717912416,0
1717912446,0
1717912476,0
1717912506,0
1717912536,0
1717912566,0
1717912596,0
1717912626,0
1717912656,0
1717912686,0
1717912716,0
1717912746,0
1717912776,0
1717912806,0
1717912836,0
1717912866,0
1717912896,0
1717912926,0
1717912956,0
1717912986,0
1717913016,0
1717913046,0
1717913076,0
1717913106,0
1717913136,0
1717913166,0
1717913196,0
1717913226,0
1717913256,0
1717913286,0
1717913316,0
1717913346,0
1717913376,0
1717913406,0
1717913436,0
1717913466,0
1717913496,0
1717913526,0
1717913556,0
1717913586,0
1717913616,0
1717913646,0
1717913676,0
1717913706,0
1717913736,0
1717913766,0
1717913796,0
1717913826,0
1717913856,0
1717913887,0
1717913917,0
1717913947,0
1717913977,0
1717914007,0
1717914037,0
1717914067,0
1717914097,0
1717914127,0
1717994760,0
1717994790,0
1717994820,0
1717994850,0
1717994880,0
1717994910,0
1717994940,0
1717994970,0
1717995000,0
1717995030,0
1717995060,0
1717995090,0
1717995120,0
1717995150,0
1717995180,0
1717995210,0
1717995240,0
1717995270,0
1717995300,0
1717995330,0
1717995360,0
1717995390,0
1717995420,0
1717995450,0
1717995480,0
1717995510,0
1717995540,0
1717995570,0
1717995600,0
1717995630,0
1717995660,0
1717995690,0
1717995720,0
1717995750,0
1717995780,0
1717995810,0
1717995840,0
1717995870,0
1717995900,0
1717995930,0
1717995961,0
1717995991,0
1717996021,0
1717996051,0
1717996081,0
1717996111,0
1717996141,0
1717996171,0
1717996201,0
1717996231,0
1717996261,0
1717996291,0
1717996321,0
1717996351,0
1717996381,0
1717996411,0
1717996441,0
1717996471,0
1717996501,0
1717996531,0
1717996561,0
1717996591,0
1717996621,0
1717996651,0
1717996681,0
1717996711,0
1717996741,0
1717996771,0
1717996802,0
1717996832,0
1717996862,0
1717996892,0
1717996922,0
1717996952,0
1717996982,0
1717997012,0
1717997042,0
1717997072,0
1717997102,0
1717997132,0
1717997162,0
1717997192,0
1717997222,0
1717997252,0
1717997282,0
1717997312,0
1717997342,0
1717997372,0
1717997403,0
1717997433,0
1717997463,0
1717997493,0
1717997523,0
1717997553,0
1717997583,0
1717997613,0
1717997643,0
1717997673,0
1717997703,0
1717997733,0
1717997763,0
1717997793,0
1717997823,0
1717997853,0
1717997883,0
1717997913,0
1717997943,0
1717997973,0
1717998003,0
1717998033,0
1717998063,0
1717998093,0
1717998123,0
1717998153,0
1717998183,0
1717998213,0
1717998243,0
1717998273,0
1717998303,0
1717998333,0
1717998363,0
1717998393,0
1717998423,0
1717998453,0
1717998483,0
1717998513,0
1717998543,0
1717998573,0
1717998603,0
1717998633,0
1717998663,0
1717998693,0
1717998723,0
1717998753,0
1717998783,0
1717998813,0
1717998843,0
1717998873,0
1717998903,0
1717998933,0
1717998963,0
1717998993,0
1717999023,0
1717999053,0
1717999083,0
1717999113,0
1717999143,0
1717999173,0
1717999204,0
1717999234,0
1717999264,0
1717999294,0
1717999324,0
1717999354,0
1717999384,0
1717999414,0
1717999444,0
1717999474,0
1717999504,0
1717999534,0
1717999564,0
1717999594,0
1717999624,0
1717999654,0
1717999684,0
1717999714,0
1717999744,0
1717999774,0
1717999804,0
1717999834,0
1717999864,0
1717999894,0
1717999924,0
1717999954,0
1717999984,0
1718000014,0
1718000044,0
1718000074,0
1718000104,0
1718000134,0
1718000164,0
1718000194,0
1718000224,0
1718000254,0
1718000284,0
1718000314,0
1718000344,0
1718000374,0
1718000404,0
1718000434,0
1718000464,0
1718000494,0
1718000524,0
1718000554,0
1718000584,0
1718000614,0
1718000644,0
1718000674,0
1718000704,0
1718000734,0
1718000764,0
1718000794,0
1718000824,0
1718000854,0
1718000884,0
1718000915,0
1718000945,0
1718000975,0
1718001005,0
1718001035,0
1718001065,0
1718001095,0
1718001125,0
1718001155,0
1718001185,0
1718001215,0
1718001245,0
1718001275,0
1718001305,0
1718001335,0
1718001365,0
1718001395,0
1718001425,0
1718001455,0
1718001485,0
1718001515,0
1718001545,0
1718001575,0
1718001605,0
1718001635,0
1718001665,0
1718001695,0
1718001725,0
1718001755,0
1718001785,0
1718001815,0
1718001845,0
1718001875,0
1718001905,0
1718001935,0
1718001965,0
1718001995,0
1718002025,0
1718002055,0
1718002085,0
1718002115,0
1718002145,0
1718002175,0
1718002205,0
1718002235,0
1718002265,0
1718002295,0
1718002325,0
1718002355,0
1718002385,0
1718002415,0
1718002445,0
1718002475,0
1718002505,0
1718002535,0
1718002565,0
1718002595,0
1718002625,0
1718002655,0
1718002685,0
1718002716,0
1718002746,0
1718002776,0
1718002806,0
1718002836,0
1718002866,0
1718002896,0
1718002926,0
1718002956,0
1718002986,0
1718003016,0
1718003046,0
1718003076,0
1718003106,0
1718003136,0
1718003166,0
1718003196,0
1718003226,0
1718003256,0
1718003286,0
1718003316,0
1718003346,0
1718003376,0
1718003406,0
1718003436,0
1718003466,0
1718003496,0
1718003526,0
1718003556,0
1718003586,0
1718003616,0
1718003646,0
1718003676,0
1718003706,0
1718003736,0
1718003766,0
1718003796,0
1718003826,0
1718003856,0
1718003886,0
1718003916,0
1718003946,0
1718003976,0
1718004006,0
1718004036,0
1718004066,0
1718004096,0
1718004126,0
1718004156,0
1718004186,0
1718004217,0
1718004247,0
1718004277,0
1718004307,0
1718004337,0
1718004367,0
1718004397,0
1718004427,0
1718004457,0
1718004487,0
1718004517,0
1718004547,0
1718004577,0
1718004607,0
1718004637,0
1718004667,0
1718004697,0
1718004727,0
1718004757,0
1718004787,0
1718004817,0
1718004847,0
1718004877,0
1718004907,0
1718004937,0
1718004967,0
1718004997,0
1718005027,0
1718005057,0
1718005087,0
1718005117,0
1718005147,0
1718005177,0
1718005207,0
1718005237,0
1718005267,0
1718005297,0
1718005327,0
1718005357,0
1718005387,0
1718005417,0
1718005447,0
1718005477,0
1718005507,0
1718005537,0
1718005567,0
1718005597,0
1718005627,0
1718005657,0
1718005687,0
1718005717,0
1718005747,0
1718005777,0
1718005807,0
1718005837,0
1718005867,0
1718005897,0
1718005927,0
1718005957,0
1718005987,0
1718006017,0
1718006047,0
1718006077,0
1718006108,0
1718006138,0
1718006168,0
1718006198,0
1718006228,0
1718006258,0
1718006288,0
1718006318,0
1718006348,0
1718006378,0
1718006408,0
1718006438,0
1718006468,0
1718006498,0
1718006528,0
1718006558,0
1718006588,0
1718006618,0
1718006648,0
1718006678,0
1718006708,0
1718006738,0
1718006768,0
1718006798,0
1718006828,0
1718006858,0
1718006888,0
1718006918,0
1718006948,0
1718006978,0
1718007008,0
1718007038,0
1718007068,0
1718007098,0
1718007128,0
1718007158,0
1718007188,0
1718007218,0
1718007248,0
1718007278,0
1718007308,0
1718007338,0
1718007368,0
1718007398,0
1718007428,0
1718007458,0
1718007488,0
1718007518,0
1718007548,0
1718007578,0
1718007608,0
1718007638,0
1718007668,0
1718007698,0
1718007728,0
1718007758,0
1718007788,0
1718007818,0
1718007848,0
1718007878,0
1718007908,0
1718007938,0
1718007968,0
1718007998,0
1718008028,0
1718008059,0
1718008089,0
1718008119,0
1718008149,0
1718008179,0
1718008209,0
1718008239,0
1718008269,0
1718008299,0
1718008329,0
1718008359,0
1718008389,0
1718008419,0
1718008449,0
1718008479,0
1718008509,0
1718008539,0
1718008569,0
1718008599,0
1718008629,0
1718008659,0
1718008689,0
1718008719,0
1718008749,0
1718008779,0
1718008809,0
1718008839,0
1718008869,0
1718008899,0
1718008929,0
1718008959,0
1718008989,0
1718009019,0
1718009049,0
1718009079,0
1718009109,0
1718009139,0
1718009169,0
1718009199,0
1718009229,0
1718009259,0
1718009289,0
1718009319,0
1718009349,0
1718009379,0
1718009409,0
1718009439,0
1718009469,0
1718009499,0
1718009529,0
1718009559,0
1718009589,0
1718009619,0
1718009649,0
1718009679,0
1718009709,0
1718009739,0
1718009769,0
1718009799,0
1718009829,0
1718009859,0
1718009889,0
1718009919,0
1718009949,0
1718009979,0
1718010009,0
1718010039,0
1718010070,0
1718010100,0
1718010130,0
1718010160,0
1718010190,0
1718010220,0
1718010250,0
1718010280,0
1718010310,0
1718010340,0
1718010370,0
1718010400,0
1718010430,0
1718010460,0
1718010490,0
1718010520,0
1718010550,0
1718010580,0
1718010610,0
1718010640,0
1718010670,0
1718010700,0
1718010730,0
1718010760,0
1718010790,0
1718010820,0
1718010850,0
1718010880,0
1718010910,0
1718010940,0
1718010970,0
1718011000,0
1718011030,0
1718011060,0
1718011090,0
1718011120,0
1718011150,0
1718011180,0
1718011210,0
1718011240,0
1718011270,0
1718011300,0
1718011330,0
1718011360,0
1718011390,0
1718011420,0
1718011450,0
1718011480,0
1718011510,0
1718011540,0
1718011570,0
1718011600,0
1718011630,0
1718011660,0
1718011690,0
1718011720,0
1718011750,0
1718011780,0
1718011810,0
1718011840,0
1718011870,0
1718011900,0
1718011931,0
1718011961,0
1718011991,0
1718012021,0
1718012051,0
1718012081,0
1718012111,0
1718012141,0
1718012171,0
1718012201,0
1718012231,0
1718012261,0
1718012291,0
1718012321,0
1718012351,0
1718012381,0
1718012411,0
1718012441,0
1718012471,0
1718012501,0
1718012531,0
1718012561,0
1718012591,0
1718012621,0
1718012651,0
1718012681,0
1718012711,0
1718012741,0
1718012771,0
1718012801,0
1718012831,0
1718012861,0
1718012891,0
1718012921,0
1718012951,0
1718012981,0
1718013011,0
1718013041,0
1718013071,0
1718013101,0
1718013131,0
1718013161,0
1718013191,0
1718013221,0
1718013251,0
1718013281,0
1718013311,0
1718013341,0
1718013371,0
1718013401,0
1718013431,0
1718013461,0
1718013491,0
1718013521,0
1718013551,0
1718013581,0
1718013611,0
1718013641,0
1718013671,0
1718013701,0
1718013731,0
1718013761,0
1718013791,0
1718013821,0
1718013851,0
1718013881,0
1718013911,0
1718013941,0
1718013971,0
1718014001,0
1718014031,0
1718014061,0
1718014091,0
1718014121,0
1718014151,0
1718014181,0
1718014211,0
1718014241,0
1718014271,0
1718014301,0
1718014331,0
1718014361,0
1718014391,0
1718014421,0
1718014451,0
1718014481,0
1718014511,0
1718014541,0
1718014571,0
1718014601,0
1718014631,0
1718014661,0
1718014692,0
1718014722,0
1718014752,0
1718014782,0
1718014812,0
1718014842,0
1718014872,0
1718014902,0
1718014932,0
1718014962,0
1718014992,0
1718015022,0
1718015052,0
1718015082,0
1718015112,0
1718015142,0
1718015172,0
1718015202,0
1718015232,0
1718015262,0
1718015292,0
1718015322,0
1718015352,0
1718015382,0
1718015412,0
1718015442,0
1718015472,0
1718015502,0
1718015532,0
1718015562,0
1718015592,0
1718015622,0
1718015652,0
1718015682,0
1718015712,0
1718015742,0
1718015772,0
1718015802,0
1718015832,0
1718015862,0
1718015892,0
1718015922,0
1718015952,0
1718015982,0
1718016012,0
1718016042,0
1718016072,0
1718016102,0
1718016132,0
1718016162,0
1718016192,0
1718016222,0
1718016252,0
1718016282,0
1718016312,0
1718016342,0
1718016372,0
1718016402,0
1718016432,0
1718016462,0
1718016492,0
1718016522,0
1718016552,0
1718016582,0
1718016612,0
1718016642,0
1718016672,0
1718081310,0
1718081340,0
1718081370,0
1718081400,0
1718081430,0
1718081460,0
1718081490,0
1718081520,0
1718081550,0
1718081580,0
1718081610,0
1718081640,0
1718081670,0
1718081700,0
1718081730,0
1718081760,0
1718081790,0
1718081820,0
1718081850,0
1718081880,0
1718081910,0
1718081940,0
1718081970,0
1718082000,0
1718082030,0
1718082060,0
1718082090,0
1718082120,0
1718082150,0
1718082180,0
1718082210,0
1718082240,0
1718082270,0
1718082300,0
1718082330,0
1718082360,0
1718082390,0
1718082420,0
1718082450,0
1718082480,0
1718082510,0
1718082540,0
1718082570,0
1718082600,0
1718082630,0
1718082660,0
1718082690,0
1718082720,0
1718082750,0
1718082780,0
1718082810,0
1718082841,0
1718082871,0
1718082901,0
1718082931,0
1718082961,0
1718082991,0
1718083021,0
1718083051,0
1718083081,0
1718083111,0
1718083141,0
1718083171,0
1718083201,0
1718083231,0
1718083261,0
1718083291,0
1718083321,0
1718083351,0
1718083381,0
1718083411,0
1718083441,0
1718083471,0
1718083501,0
1718083531,0
1718083561,0
1718083591,0
1718083621,0
1718083651,0
1718083681,0
1718083711,0
1718083741,0
1718083771,0
1718083801,0
1718083831,0
1718083861,0
1718083891,0
1718083921,0
1718083951,0
1718083981,0
1718084011,0
1718084041,0
1718084071,0
1718084101,0
1718084131,0
1718084161,0
1718084191,0
1718084221,0
1718084251,0
1718084281,0
1718084311,0
1718084341,0
1718084371,0
1718084401,0
1718084431,0
1718084461,0
1718084491,0
1718084521,0
1718084551,0
1718084581,0
1718084611,0
1718155830,0
1718155861,0
1718155891,0
1718155921,0
1718155951,0
1718155981,0
1718156011,0
1718156041,0
1718156071,0
1718156101,0
1718156131,0
1718156161,0
1718156191,0
1718156221,0
1718156251,0
1718156281,0
1718156311,0
1718156341,0
1718156371,0
1718156401,0
1718156431,0
1718156461,0
1718156491,0
1718156521,0
1718156551,0
1718156581,0
1718156611,0
1718156641,0
1718156671,0
1718156701,0
1718156731,0
1718156761,0
1718156791,0
1718156821,0
1718156851,0
1718156881,0
1718156911,0
1718156941,0
1718156971,0
1718157001,0
1718157031,0
1718157061,0
1718157091,0
1718157121,0
1718157151,0
1718157181,0
1718157211,0
1718157241,0
1718157271,0
1718157301,0
1718157331,0
1718157361,0
1718157391,0
1718157421,0
1718157451,0
1718157481,0
1718157511,0
1718157542,0
1718157572,0
1718157602,0
1718157632,0
1718157662,0
1718157692,0
1718157722,0
1718157752,0
1718157782,0
1718157812,0
1718157842,0
1718157872,0
1718157902,0
1718157932,0
1718157962,0
1718157992,0
1718158022,0
1718158052,0
1718158082,0
1718158112,0
1718158142,0
1718158172,0
1718158202,0
1718158232,0
1718158262,0
1718158292,0
1718158322,0
1718158352,0
1718158382,0
1718158412,0
1718158442,0
1718158472,0
1718158502,0
1718158532,0
1718158562,0
1718158592,0
1718158622,0
1718158652,0
1718158682,0
1718158712,0
1718158742,0
1718158772,0
1718158802,0
1718158832,0
1718158862,0
1718158892,0
1718158922,0
1718158952,0
1718158982,0
1718159012,0
1718159042,0
1718159072,0
1718159102,0
1718159132,0
1718159162,0
1718159192,0
1718159222,0
1718159252,0
1718159282,0
1718159312,0
1718159342,0
1718159372,0
1718159402,0
1718159432,0
1718159462,0
1718159493,0
1718159523,0
1718159553,0
1718159583,0
1718159700,0
1718159730,0
1718159760,0
1718159790,0
1718159820,0
1718159850,0
1718159880,0
1718159910,0
1718159940,0
1718159970,0
1718160000,0
1718160030,0
1718160060,0
1718160090,0
1718160120,0
1718160150,0
1718160180,0
1718160210,0
1718160240,0
1718160270,0
1718160300,0
1718160330,0
1718160360,0
1718160390,0
1718160420,0
1718160450,0
1718160480,0
1718160510,0
1718160540,0
1718160570,0
1718160600,0
1718160630,0
1718160660,0
1718160690,0
1718160720,0
1718160750,0
1718160780,0
1718162654,0
1718162684,0
1718162714,0
1718162744,0
1718162774,0
1718162804,0
1718162834,0
1718162864,0
1718162894,0
1718162924,0
1718162954,0
1718162984,0
1718163014,0
1718163044,0
1718163074,0
1718163104,0
1718163134,0
1718163164,0
1718163194,0
1718163224,0
1718163254,0
1718163284,0
1718163314,0
1718163344,0
1718163374,0
1718163404,0
1718163434,0
1718163464,0
1718163494,0
1718163524,0
1718163554,0
1718163584,0
1718163614,0
1718163644,0
1718163674,0
1718163704,0
1718163734,0
1718163764,0
1718163794,0
1718163824,0
1718163854,0
1718163884,0
1718163914,0
1718163944,0
1718163974,0
1718164004,0
1718164034,0
1718164064,0
1718164094,0
1718164124,0
1718164154,0
1718164184,0
1718164214,0
1718164244,0
1718164274,0
1718164304,0
1718164334,0
1718164364,0
1718164394,0
1718164424,0
1718164454,0
1718164484,0
1718164514,0
1718164544,0
1718164574,0
1718164604,0
1718164634,0
1718164664,0
1718164694,0
1718164725,0
1718164755,0
1718164785,0
1718164815,0
1718164845,0
1718164875,0
1718164905,0
1718164935,0
1718164965,0
1718164995,0
1718165025,0
1718165055,0
1718165085,0
1718165115,0
1718165145,0
1718165175,0
1718165205,0
1718165235,0
1718165265,0
1718165295,0
1718165325,0
1718165355,0
1718165385,0
1718165415,0
1718165445,0
1718165475,0
1718165505,0
1718165535,0
1718165565,0
1718165595,0
1718165625,0
1718165655,0
1718165685,0
1718165715,0
1718165745,0
1718165775,0
1718165805,0
1718165835,0
1718165865,0
1718165895,0
1718165925,0
1718165955,0
1718165985,0
1718166015,0
1718166045,0
1718166075,0
1718166105,0
1718166135,0
1718166165,0
1718166195,0
1718166225,0
1718166255,0
1718166285,0
1718166315,0
1718166345,0
1718166375,0
1718166405,0
1718166436,0
1718166466,0
1718166496,0
1718166526,0
1718166556,0
1718166586,0
1718166616,0
1718166646,0
1718166676,0
1718166706,0
1718166736,0
1718166766,0
1718166796,0
1718166826,0
1718166856,0
1718166886,0
1718166916,0
1718166946,0
1718166976,0
1718167006,0
1718167036,0
1718167066,0
1718167096,0
1718167126,0
1718167156,0
1718167186,0
1718167216,0
1718167246,0
1718167276,0
1718167306,0
1718167336,0
1718167366,0
1718167396,0
1718177220,0
1718177250,0
1718177280,0
1718177310,0
1718177340,0
1718177370,0
1718177400,0
1718177430,0
1718177460,0
1718177490,0
1718177520,0
1718177550,0
1718177580,0
1718177610,0
1718177640,0
1718177670,0
1718177700,0
1718177730,0
1718177760,0
1718177790,0
1718177820,0
1718177850,0
1718177880,0
1718177910,0
1718177940,0
1718177970,0
1718178000,0
1718178030,0
1718178060,0
1718178090,0
1718178120,0
1718178150,0
1718178180,0
1718178210,0
1718182050,0
1718182080,0
1718182110,0
1718182140,0
1718182170,0
1718182200,0
1718182230,0
1718182260,0
1718182290,0
1718182320,0
1718189880,0
1718189910,0
1718189940,0
1718189970,0
1718190000,0
1718190030,0
1718190060,0
1718190090,0
1718190120,0
1718190150,0
1718190180,0
1718190210,0
1718190240,0
1718190270,0
1718190300,0
1718190330,0
1718190360,0
1718190390,0
1718190420,0
1718190450,0
1718190480,0
1718190510,0
1718190540,0
1718190570,0
1718190600,0
1718190630,0
1718190660,0
1718190690,0
1718190720,0
1718190750,0
1718190780,0
1718190810,0
1718190840,0
1718190870,0
1718190900,0
1718190930,0
1718190960,0
1718190990,0
1718191020,0
1718191050,0
1718191080,0
1718191110,0
1718191140,0
1718191170,0
1718191200,0
1718191230,0
1718191261,0
1718191291,0
1718191321,0
1718191351,0
1718191381,0
1718191411,0
1718191441,0
1718191471,0
1718191501,0
1718191531,0
1718191561,0
1718191591,0
1718191621,0
1718191651,0
1718191681,0
1718191711,0
1718191741,0
1718191771,0
1718191801,0
1718191831,0
1718191861,0
1718191891,0
1718191921,0
1718191951,0
1718191981,0
1718192011,0
1718192041,0
1718192071,0
1718192101,0
1718192131,0
1718192161,0
1718192191,0
1718192221,0
1718192251,0
1718192281,0
1718192311,0
1718192341,0
1718192371,0
1718192401,0
1718192431,0
1718192461,0
1718192491,0
1718192521,0
1718192551,0
1718192581,0
1718192611,0
1718192641,0
1718192671,0
1718192701,0
1718192731,0
1718192761,0
1718192791,0
1718192821,0
1718192851,0
1718192881,0
1718192911,0
1718192941,0
1718192972,0
1718193002,0
1718193032,0
1718193062,0
1718193092,0
1718193122,0
1718193152,0
1718193182,0
1718193212,0
1718193242,0
1718193272,0
1718193302,0
1718193332,0
1718193362,0
1718193392,0
1718193422,0
1718193452,0
1718193482,0
1718193512,0
1718193542,0
1718193572,0
1718193602,0
1718193632,0
1718193662,0
1718193692,0
1718193722,0
1718193752,0
1718193782,0
1718193812,0
1718193842,0
1718193872,0
1718193902,0
1718193932,0
1718193962,0
1718193992,0
1718194022,0
1718194052,0
1718194082,0
1718194112,0
1718194142,0
1718194172,0
1718194202,0
1718194232,0
1718194262,0
1718194292,0
1718194322,0
1718194352,0
1718194382,0
1718194412,0
1718194442,0
1718194472,0
1718194502,0
1718194532,0
1718194562,0
1718194592,0
1718194622,0
1718194653,0
1718194683,0
1718194713,0
1718194743,0
1718194773,0
1718194803,0
1718194833,0
1718194863,0
1718194893,0
1718194923,0
1718194953,0
1718194983,0
1718195013,0
1718195043,0
1718195073,0
1718195103,0
1718195133,0
1718195163,0
1718195193,0
1718195223,0
1718195253,0
1718195283,0
1718195313,0
1718195343,0
1718195373,0
1718195403,0
1718195433,0
1718195463,0
1718195493,0
1718195523,0
1718240280,0
1718240310,0
1718240340,2097152
1718240370,0
1718240400,0
1718240430,0
1718240460,0
1718240490,0
1718240520,0
1718240550,0
1718240580,0
1718240610,0
1718240640,0
1718240670,0
1718240700,0
1718240730,0
1718240760,0
1718240790,0
1718240820,0
1718240850,0
1718240880,0
1718240910,0
1718240940,0
1718240970,0
1718241000,0
1718241030,0
1718241060,0
1718241090,0
1718241121,0
1718241151,0
1718241181,0
1718241211,0
1718241241,0
1718241271,0
1718241301,0
1718241331,0
1718241361,0
1718241391,0
1718241421,0
1718241451,0
1718241481,0
1718241511,0
1718241541,0
1718241571,0
1718241601,0
1718241631,0
1718241661,0
1718241691,0
1718241721,0
1718241751,0
1718241781,0
1718241811,0
1718241841,0
1718241871,0
1718241901,0
1718241931,0
1718241961,0
1718241991,0
1718242021,0
1718242051,0
1718242081,0
1718242111,0
1718242141,0
1718242171,0
1718242201,0
1718242231,0
1718242261,0
1718242291,0
1718242321,0
1718242351,0
1718242381,0
1718242411,0
1718242441,0
1718242471,0
1718242501,0
1718242531,0
1718242561,0
1718242591,0
1718242621,0
1718242651,0
1718242681,0
1718242711,0
1718242741,0
1718242771,0
1718242801,0
1718242831,0
1718242861,0
1718242891,0
1718242921,0
1718242951,0
1718242981,0
1718243011,0
1718243041,0
1718243071,0
1718243101,0
1718243131,0
1718243161,0
1718243191,0
1718243221,0
1718243251,0
1718243281,0
1718243311,0
1718243341,0
1718243372,0
1718243402,0
1718243432,0
1718243462,0
1718243492,0
1718243522,0
1718243552,0
1718243582,0
1718243612,0
1718243642,0
1718243672,0
1718243702,0
1718243732,0
1718243762,0
1718243792,0
1718243822,0
1718243852,0
1718243882,0
1718243912,0
1718243942,0
1718243972,0
1718244002,0
1718244032,0
1718244062,0
1718244092,0
1718244122,0
1718244152,0
1718244182,0
1718244212,0
1718244242,0
1718244272,0
1718244302,0
1718244332,0
1718244362,0
1718244392,0
1718244422,0
1718244452,0
1718244482,0
1718244512,0
1718244542,0
1718244572,0
1718244602,0
1718244632,0
1718244662,0
1718244692,0
1718244722,0
1718244752,0
1718244782,0
1718244812,0
1718244842,0
1718244872,0
1718244902,0
1718244932,0
1718244962,0
1718244992,0
1718245022,0
1718245052,0
1718245082,0
1718245112,0
1718245142,0
1718245172,0
1718245202,0
1718245232,0
1718245262,0
1718245292,0
1718245322,0
1718245352,0
1718245382,0
1718245412,0
1718245442,0
1718245472,0
1718245502,0
1718245532,0
1718245562,0
1718245592,0
1718245622,0
1718245652,0
1718245682,0
1718245712,0
1718245742,0
1718245772,0
1718245802,0
1718245832,0
1718245863,0
1718245893,0
1718245923,0
1718245953,0
1718245983,0
1718246013,0
1718246043,0
1718246073,0
1718246103,0
1718246133,0
1718246163,0
1718246193,0
1718246223,0
1718246253,0
1718246283,0
1718246313,0
1718246343,0
1718246373,0
1718246403,0
1718246433,0
1718246463,0
1718246493,0
1718246523,0
1718246553,0
1718246583,0
1718246613,0
1718246643,0
1718246673,0
1718246703,0
1718246733,0
1718246763,0
1718246793,0
1718246823,0
1718246862,0
1718246892,0
1718246922,0
1718246952,0
1718246982,0
1718247012,0
1718247042,0
1718247072,0
1718247102,0
1718247132,0
1718247162,0
1718247192,0
1718247222,0
1718247252,0
1718247282,0
1718247312,0
1718247342,0
1718247372,0
1718247402,0
1718247432,0
1718247462,0
1718247492,0
1718247522,0
1718247552,0
1718247582,0
1718247612,0
1718247642,0
1718247672,0
1718247702,0
1718247732,0
1718247762,0
1718247792,0
1718247822,0
1718247852,0
1718247882,0
1718247912,0
1718247942,0
1718247972,0
1718248002,0
1718248032,0
1718248062,0
1718248092,0
1718248122,0
1718248152,0
1718248182,0
1718248212,0
1718248242,0
1718248272,0
1718248302,0
1718248332,0
1718248362,0
1718248392,0
1718248422,0
1718248452,0
1718248482,0
1718248512,0
1718248542,0
1718248573,0
1718248603,0
1718248633,0
1718248663,0
1718248693,0
1718248723,0
1718248753,0
1718248783,0
1718248813,0
1718248843,0
1718248873,0
1718248903,0
1718248956,0
1718248986,0
1718249016,0
1718249046,0
1718249076,0
1718249106,0
1718249136,0
1718249166,0
1718249196,0
1718249226,0
1718249256,0
1718249286,0
1718249316,0
1718249346,0
1718249376,0
1718249406,0
1718249436,0
1718249466,0
1718249496,0
1718249526,0
1718249556,0
1718249586,0
1718249617,0
1718249647,0
1718249677,0
1718249707,0
1718249737,0
1718249767,0
1718249797,0
1718249827,0
1718249857,0
1718249887,0
1718249917,0
1718249947,0
1718249977,0
1718250007,0
1718250037,0
1718250067,0
1718250097,0
1718250127,0
1718250157,0
1718250187,0
1718250217,0
1718250247,0
1718250277,0
1718250307,0
1718250337,0
1718250367,0
1718250397,0
1718250427,0
1718250457,0
1718250487,0
1718250517,0
1718250547,0
1718250577,0
1718250607,0
1718250637,0
1718250667,0
1718250717,0
1718373510,0
1718373540,0
1718373570,0
1718373600,0
1718373630,0
1718373660,0
1718373690,0
1718373720,0
1718373750,0
1718373780,0
1718373810,0
1718373840,0
1718373870,0
